group	fill
1	#FFFFFF
2	#FFFFFF
3	#FFFFFF
4	#FFFFFF
5	#FFFFFF
6	#FFFFFF
7	#FFFFFF
8	#FFFFFF
9	#FFFFFF
10	#FFFFFF
11	#FFFFFF
12	#FFFFFF
13	#FFFFFF
14	#FFFFFF
15	#FFFFFF
16	#FFFFFF
17	#FFFFFF
18	#FFFFFF
19	#FFFFFF
20	#FFFFFF
21	#FFFFFF
22	#FFFFFF
23	#FFFFFF
24	#FFFFFF
25	#FFFFFF
26	#FFFFFF
27	#FFFFFF
28	#FFFFFF
29	#FFFFFF
30	#FFFFFF
31	#FFFFFF
32	#FFFFFF
33	#FFFFFF
34	#FFFFFF
35	#FFFFFF
36	#FFFFFF
37	#FFFFFF
38	#FFFFFF
39	#FFFFFF
40	#FFFFFF
41	#FFFFFF
42	#FFFFFF
43	#FFFFFF
44	#FFFFFF
45	#FFFFFF
46	#FFFFFF
47	#FFFFFF
48	#FFFFFF
49	#FFFFFF
50	#FFFFFF
51	#FFFFFF
52	#FFFFFF
53	#FFFFFF
54	#FFFFFF
55	#FFFFFF
56	#FFFFFF
57	#FFFFFF
58	#FFFFFF
59	#FFFFFF
60	#FFFFFF
61	#FFFFFF
62	#FFFFFF
63	#FFFFFF
64	#FFFFFF
65	#FFFFFF
66	#FFFFFF
67	#FFFFFF
68	#FFFFFF
69	#FFFFFF
70	#FFFFFF
71	#FFFFFF
72	#FFFFFF
73	#FFFFFF
74	#FFFFFF
75	#FFFFFF
76	#FFFFFF
77	#FFFFFF
78	#FFFFFF
79	#FFFFFF
80	#FFFFFF
81	#FFFFFF
82	#FFFFFF
83	#FFFFFF
84	#FFFFFF
85	#FFFFFF
86	#FFFFFF
87	#FFFFFF
88	#FFFFFF
89	#FFFFFF
90	#FFFFFF
91	#FFFFFF
92	#FFFFFF
93	#FFFFFF
94	#FFFFFF
95	#FFFFFF
96	#FFFFFF
97	#FFFFFF
98	#FFFFFF
99	#FFFFFF
100	#FFFFFF
101	#FFFFFF
102	#FFFFFF
103	#FFFFFF
104	#FFFFFF
105	#FFFFFF
106	#FFFFFF
107	#FFFFFF
108	#FFFFFF
109	#FFFFFF
110	#FFFFFF
111	#FFFFFF
112	#FFFFFF
113	#FFFFFF
114	#FFFFFF
115	#FFFFFF
116	#FFFFFF
117	#FFFFFF
118	#FFFFFF
119	#FFFFFF
120	#FFFFFF
121	#FFFFFF
122	#FFFFFF
123	#FFFFFF
124	#FFFFFF
125	#FFFFFF
126	#FFFFFF
127	#FFFFFF
128	#FFFFFF
129	#FFFFFF
130	#FFFFFF
131	#FFFFFF
132	#FFFFFF
133	#FFFFFF
134	#FFFFFF
135	#FFFFFF
136	#FFFFFF
137	#FFFFFF
138	#FFFFFF
139	#FFFFFF
140	#FFFFFF
141	#FFFFFF
142	#FFFFFF
143	#FFFFFF
144	#FFFFFF
145	#FFFFFF
146	#FFFFFF
147	#FFFFFF
148	#FFFFFF
149	#FFFFFF
150	#FFFFFF
151	#FFFFFF
152	#FFFFFF
153	#FFFFFF
154	#FFFFFF
155	#FFFFFF
156	#FFFFFF
157	#FFFFFF
158	#FFFFFF
159	#FFFFFF
160	#FFFFFF
161	#FFFFFF
162	#FFFFFF
163	#FFFFFF
164	#FFFFFF
165	#FFFFFF
166	#FFFFFF
167	#FFFFFF
168	#FFFFFF
169	#FFFFFF
170	#FFFFFF
171	#FFFFFF
172	#FFFFFF
173	#FFFFFF
174	#FFFFFF
175	#FFFFFF
176	#FFFFFF
177	#FFFFFF
178	#FFFFFF
179	#FFFFFF
180	#FFFFFF
181	#FFFFFF
182	#FFFFFF
183	#FFFFFF
184	#FFFFFF
185	#FFFFFF
186	#FFFFFF
187	#FFFFFF
188	#FFFFFF
189	#FFFFFF
190	#FFFFFF
191	#FFFFFF
192	#FFFFFF
193	#FFFFFF
194	#FFFFFF
195	#FFFFFF
196	#FFFFFF
197	#FFFFFF
198	#FFFFFF
199	#FFFFFF
200	#FFFFFF
201	#FFFFFF
202	#FFFFFF
203	#FFFFFF
204	#FFFFFF
205	#FFFFFF
206	#FFFFFF
207	#FFFFFF
208	#FFFFFF
209	#FFFFFF
210	#FFFFFF
211	#FFFFFF
212	#FFFFFF
213	#FFFFFF
214	#FFFFFF
215	#FFFFFF
216	#FFFFFF
217	#FFFFFF
218	#FFFFFF
219	#FFFFFF
220	#FFFFFF
221	#FFFFFF
222	#FFFFFF
223	#FFFFFF
224	#FFFFFF
225	#FFFFFF
226	#FFFFFF
227	#FFFFFF
228	#FFFFFF
229	#FFFFFF
230	#FFFFFF
231	#FFFFFF
232	#FFFFFF
233	#FFFFFF
234	#FFFFFF
235	#FFFFFF
236	#FFFFFF
237	#FFFFFF
238	#FFFFFF
239	#FFFFFF
240	#FFFFFF
241	#FFFFFF
242	#FFFFFF
243	#FFFFFF
244	#FFFFFF
245	#FFFFFF
246	#FFFFFF
247	#FFFFFF
248	#FFFFFF
249	#FFFFFF
250	#FFFFFF
251	#FFFFFF
252	#FFFFFF
253	#FFFFFF
254	#FFFFFF
255	#FFFFFF
256	#FFFFFF
257	#FFFFFF
258	#FFFFFF
259	#FFFFFF
260	#FFFFFF
261	#FFFFFF
262	#FFFFFF
263	#FFFFFF
264	#FFFFFF
265	#FFFFFF
266	#FFFFFF
267	#FFFFFF
268	#FFFFFF
269	#FFFFFF
270	#FFFFFF
271	#FFFFFF
272	#FFFFFF
273	#FFFFFF
274	#FFFFFF
275	#FFFFFF
276	#FFFFFF
277	#FFFFFF
278	#FFFFFF
279	#FFFFFF
280	#FFFFFF
281	#FFFFFF
282	#FFFFFF
283	#FFFFFF
284	#FFFFFF
285	#FFFFFF
286	#FFFFFF
287	#FFFFFF
288	#FFFFFF
289	#FFFFFF
290	#FFFFFF
291	#FFFFFF
292	#FFFFFF
293	#FFFFFF
294	#FFFFFF
295	#FFFFFF
296	#FFFFFF
297	#FFFFFF
298	#FFFFFF
299	#FFFFFF
300	#FFFFFF
301	#FFFFFF
302	#FFFFFF
303	#FFFFFF
304	#FFFFFF
305	#FFFFFF
306	#FFFFFF
307	#FFFFFF
308	#FFFFFF
309	#FFFFFF
310	#FFFFFF
311	#FFFFFF
312	#FFFFFF
313	#FFFFFF
314	#FFFFFF
315	#FFFFFF
316	#FFFFFF
317	#FFFFFF
318	#FFFFFF
319	#FFFFFF
320	#FFFFFF
321	#FFFFFF
322	#FFFFFF
323	#FFFFFF
324	#FFFFFF
325	#FFFFFF
326	#FFFFFF
327	#FFFFFF
328	#FFFFFF
329	#FFFFFF
330	#FFFFFF
331	#FFFFFF
332	#FFFFFF
333	#FFFFFF
334	#FFFFFF
335	#FFFFFF
336	#FFFFFF
337	#FFFFFF
338	#FFFFFF
339	#FFFFFF
340	#FFFFFF
341	#FFFFFF
342	#FFFFFF
343	#FFFFFF
344	#FFFFFF
345	#FFFFFF
346	#FFFFFF
347	#FFFFFF
348	#FFFFFF
349	#FFFFFF
350	#FFFFFF
351	#FFFFFF
352	#FFFFFF
353	#FFFFFF
354	#FFFFFF
355	#FFFFFF
356	#FFFFFF
357	#FFFFFF
358	#FFFFFF
359	#FFFFFF
360	#FFFFFF
361	#FFFFFF
362	#FFFFFF
363	#FFFFFF
364	#FFFFFF
365	#FFFFFF
366	#FFFFFF
367	#FFFFFF
368	#FFFFFF
369	#FFFFFF
370	#FFFFFF
371	#FFFFFF
372	#FFFFFF
373	#FFFFFF
374	#FFFFFF
375	#FFFFFF
376	#FFFFFF
377	#FFFFFF
378	#FFFFFF
379	#FFFFFF
380	#FFFFFF
381	#FFFFFF
382	#FFFFFF
383	#FFFFFF
384	#FFFFFF
385	#FFFFFF
386	#FFFFFF
387	#FFFFFF
388	#FFFFFF
389	#FFFFFF
390	#FFFFFF
391	#FFFFFF
392	#FFFFFF
393	#FFFFFF
394	#FFFFFF
395	#FFFFFF
396	#FFFFFF
397	#FFFFFF
398	#FFFFFF
399	#FFFFFF
400	#FFFFFF
401	#FFFFFF
402	#FFFFFF
403	#FFFFFF
404	#FFFFFF
405	#FFFFFF
406	#FFFFFF
407	#FFFFFF
408	#FFFFFF
409	#FFFFFF
410	#FFFFFF
411	#FFFFFF
412	#FFFFFF
413	#FFFFFF
414	#FFFFFF
415	#FFFFFF
416	#FFFFFF
417	#FFFFFF
418	#FFFFFF
419	#FFFFFF
420	#FFFFFF
421	#FFFFFF
422	#FFFFFF
423	#FFFFFF
424	#FFFFFF
425	#FFFFFF
426	#FFFFFF
427	#FFFFFF
428	#FFFFFF
429	#FFFFFF
430	#FFFFFF
431	#FFFFFF
432	#FFFFFF
433	#FFFFFF
434	#FFFFFF
435	#FFFFFF
436	#FFFFFF
437	#FFFFFF
438	#FFFFFF
439	#FFFFFF
440	#FFFFFF
441	#FFFFFF
442	#FFFFFF
443	#FFFFFF
444	#FFFFFF
445	#FFFFFF
446	#FFFFFF
447	#FFFFFF
448	#FFFFFF
449	#FFFFFF
450	#FFFFFF
451	#FFFFFF
452	#FFFFFF
453	#FFFFFF
454	#FFFFFF
455	#FFFFFF
456	#FFFFFF
457	#FFFFFF
458	#FFFFFF
459	#FFFFFF
460	#FFFFFF
461	#FFFFFF
462	#FFFFFF
463	#FFFFFF
464	#FFFFFF
465	#FFFFFF
466	#FFFFFF
467	#FFFFFF
468	#FFFFFF
469	#FFFFFF
470	#FFFFFF
471	#FFFFFF
472	#FFFFFF
473	#FFFFFF
474	#FFFFFF
475	#FFFFFF
476	#FFFFFF
477	#FFFFFF
478	#FFFFFF
479	#FFFFFF
480	#FFFFFF
481	#FFFFFF
482	#FFFFFF
483	#FFFFFF
484	#FFFFFF
485	#FFFFFF
486	#FFFFFF
487	#FFFFFF
488	#FFFFFF
489	#FFFFFF
490	#FFFFFF
491	#FFFFFF
492	#FFFFFF
493	#FFFFFF
494	#FFFFFF
495	#FFFFFF
496	#FFFFFF
497	#FFFFFF
498	#FFFFFF
499	#FFFFFF
500	#FFFFFF
501	#FFFFFF
502	#FFFFFF
503	#FFFFFF
504	#FFFFFF
505	#FFFFFF
506	#FFFFFF
507	#FFFFFF
508	#FFFFFF
509	#FFFFFF
510	#FFFFFF
511	#FFFFFF
512	#FFFFFF
513	#FFFFFF
514	#FFFFFF
515	#FFFFFF
516	#FFFFFF
517	#FFFFFF
518	#FFFFFF
519	#FFFFFF
520	#FFFFFF
521	#FFFFFF
522	#FFFFFF
523	#FFFFFF
524	#FFFFFF
525	#FFFFFF
526	#FFFFFF
527	#FFFFFF
528	#FFFFFF
529	#FFFFFF
530	#FFFFFF
531	#FFFFFF
532	#FFFFFF
533	#FFFFFF
534	#FFFFFF
535	#FFFFFF
536	#FFFFFF
537	#FFFFFF
538	#FFFFFF
539	#FFFFFF
540	#FFFFFF
541	#FFFFFF
542	#FFFFFF
543	#FFFFFF
544	#FFFFFF
545	#FFFFFF
546	#FFFFFF
547	#FFFFFF
548	#FFFFFF
549	#FFFFFF
550	#FFFFFF
551	#FFFFFF
552	#FFFFFF
553	#FFFFFF
554	#FFFFFF
555	#FFFFFF
556	#FFFFFF
557	#FFFFFF
558	#FFFFFF
559	#FFFFFF
560	#FFFFFF
561	#FFFFFF
562	#FFFFFF
563	#FFFFFF
564	#FFFFFF
565	#FFFFFF
566	#FFFFFF
567	#FFFFFF
568	#FFFFFF
569	#FFFFFF
570	#FFFFFF
571	#FFFFFF
572	#FFFFFF
573	#FFFFFF
574	#FFFFFF
575	#FFFFFF
576	#FFFFFF
577	#FFFFFF
578	#FFFFFF
579	#FFFFFF
580	#FFFFFF
581	#FFFFFF
582	#FFFFFF
583	#FFFFFF
584	#FFFFFF
585	#FFFFFF
586	#FFFFFF
587	#FFFFFF
588	#FFFFFF
589	#FFFFFF
590	#FFFFFF
591	#FFFFFF
592	#FFFFFF
593	#FFFFFF
594	#FFFFFF
595	#FFFFFF
596	#FFFFFF
597	#FFFFFF
598	#FFFFFF
599	#FFFFFF
600	#FFFFFF
601	#FFFFFF
602	#FFFFFF
603	#FFFFFF
604	#FFFFFF
605	#FFFFFF
606	#FFFFFF
607	#FFFFFF
608	#FFFFFF
609	#FFFFFF
610	#FFFFFF
611	#FFFFFF
612	#FFFFFF
613	#FFFFFF
614	#FFFFFF
615	#FFFFFF
616	#FFFFFF
617	#FFFFFF
618	#FFFFFF
619	#FFFFFF
620	#FFFFFF
621	#FFFFFF
622	#FFFFFF
623	#FFFFFF
624	#FFFFFF
625	#FFFFFF
626	#FFFFFF
627	#FFFFFF
628	#FFFFFF
629	#FFFFFF
630	#FFFFFF
631	#FFFFFF
632	#FFFFFF
633	#FFFFFF
634	#FFFFFF
635	#FFFFFF
636	#FFFFFF
637	#FFFFFF
638	#DDDDDD
639	#E0E0E0
640	#FFFFFF
641	#FFFFFF
642	#F2F2F2
643	#FFFFFF
644	#FFFFFF
645	#FFFFFF
646	#F2F2F2
647	#FFFFFF
648	#FFFFFF
649	#FFFFFF
650	#FFFFFF
651	#FDFDFD
652	#EEEEEE
653	#FFFFFF
654	#ECECEC
655	#FFFFFF
656	#FFFFFF
657	#FFFFFF
658	#FFFFFF
659	#FFFFFF
660	#FFFFFF
661	#FFFFFF
662	#FFFFFF
663	#FFFFFF
664	#FFFFFF
665	#FFFFFF
666	#FFFFFF
667	#FFFFFF
668	#FFFFFF
669	#FFFFFF
670	#FFFFFF
671	#FFFFFF
672	#FFFFFF
673	#FFFFFF
674	#FFFFFF
675	#FFFFFF
676	#FFFFFF
677	#FFFFFF
678	#FFFFFF
679	#FFFFFF
680	#FFFFFF
681	#FFFFFF
682	#FFFFFF
683	#FFFFFF
684	#FFFFFF
685	#FFFFFF
686	#FFFFFF
687	#FFFFFF
688	#FFFFFF
689	#FFFFFF
690	#FFFFFF
691	#FFFFFF
692	#FFFFFF
693	#FFFFFF
694	#FFFFFF
695	#FFFFFF
696	#FFFFFF
697	#FFFFFF
698	#FFFFFF
699	#FFFFFF
700	#FFFFFF
701	#FFFFFF
702	#FFFFFF
703	#FFFFFF
704	#FFFFFF
705	#FFFFFF
706	#FFFFFF
707	#FFFFFF
708	#FFFFFF
709	#FFFFFF
710	#FFFFFF
711	#FFFFFF
712	#FFFFFF
713	#FFFFFF
714	#FFFFFF
715	#FFFFFF
716	#FFFFFF
717	#FFFFFF
718	#FFFFFF
719	#FFFFFF
720	#FFFFFF
721	#FFFFFF
722	#F7F7F7
723	#D3D3D3
724	#F2F2F2
725	#FFFFFF
726	#FFFFFF
727	#FFFFFF
728	#FFFFFF
729	#FFFFFF
730	#FFFFFF
731	#F7F7F7
732	#F4F4F4
733	#FFFFFF
734	#FFFFFF
735	#FFFFFF
736	#FFFFFF
737	#FFFFFF
738	#FFFFFF
739	#FFFFFF
740	#FFFFFF
741	#FFFFFF
742	#FFFFFF
743	#FFFFFF
744	#EFEFEF
745	#FFFFFF
746	#FBFBFB
747	#D5D5D5
748	#E7E7E7
749	#FFFFFF
750	#FFFFFF
751	#F1F1F1
752	#FBFBFB
753	#FFFFFF
754	#FFFFFF
755	#FFFFFF
756	#FFFFFF
757	#FFFFFF
758	#FFFFFF
759	#FFFFFF
760	#FFFFFF
761	#FFFFFF
762	#FFFFFF
763	#FFFFFF
764	#FFFFFF
765	#FFFFFF
766	#F0F0F0
767	#FAFAFA
768	#FFFFFF
769	#FFFFFF
770	#FFFFFF
771	#FFFFFF
772	#FFFFFF
773	#FFFFFF
774	#FFFFFF
775	#FFFFFF
776	#FFFFFF
777	#FFFFFF
778	#FFFFFF
779	#FFFFFF
780	#FFFFFF
781	#FFFFFF
782	#FFFFFF
783	#FFFFFF
784	#FFFFFF
785	#FFFFFF
786	#FFFFFF
787	#FFFFFF
788	#FFFFFF
789	#FFFFFF
790	#FFFFFF
791	#FFFFFF
792	#FFFFFF
793	#FFFFFF
794	#FFFFFF
795	#FFFFFF
796	#FFFFFF
797	#FFFFFF
798	#FFFFFF
799	#FFFFFF
800	#FFFFFF
801	#FFFFFF
802	#FFFFFF
803	#FFFFFF
804	#FFFFFF
805	#FFFFFF
806	#FFFFFF
807	#FFFFFF
808	#FFFFFF
809	#FFFFFF
810	#FFFFFF
811	#FFFFFF
812	#FFFFFF
813	#FFFFFF
814	#FFFFFF
815	#FFFFFF
816	#FFFFFF
817	#FFFFFF
818	#FFFFFF
819	#FFFFFF
820	#FFFFFF
821	#FFFFFF
822	#FFFFFF
823	#FFFFFF
824	#FFFFFF
825	#FFFFFF
826	#FFFFFF
827	#FFFFFF
828	#FFFFFF
829	#FFFFFF
830	#FFFFFF
831	#FFFFFF
832	#FFFFFF
833	#FFFFFF
834	#FFFFFF
835	#FFFFFF
836	#FFFFFF
837	#CCCCCC
838	#B2B2B2
839	#B0B0B0
840	#C0C0C0
841	#BABABA
842	#BCBCBC
843	#D8D8D8
844	#B3B3B3
845	#CACACA
846	#C7C7C7
847	#BDBDBD
848	#BFBFBF
849	#ECECEC
850	#B6B6B6
851	#D7D7D7
852	#B0B0B0
853	#FFFFFF
854	#A7A7A7
855	#C7C7C7
856	#B4B4B4
857	#BCBCBC
858	#D1D1D1
859	#DFDFDF
860	#BBBBBB
861	#EAEAEA
862	#B7B7B7
863	#C9C9C9
864	#D5D5D5
865	#B9B9B9
866	#F5F5F5
867	#FFFFFF
868	#FFFFFF
869	#FFFFFF
870	#FFFFFF
871	#FFFFFF
872	#FFFFFF
873	#FFFFFF
874	#FFFFFF
875	#FFFFFF
876	#FFFFFF
877	#FFFFFF
878	#FFFFFF
879	#FFFFFF
880	#FFFFFF
881	#FFFFFF
882	#FFFFFF
883	#FFFFFF
884	#FFFFFF
885	#FFFFFF
886	#FFFFFF
887	#FFFFFF
888	#FFFFFF
889	#FFFFFF
890	#FFFFFF
891	#FFFFFF
892	#FFFFFF
893	#FFFFFF
894	#FFFFFF
895	#FFFFFF
896	#FFFFFF
897	#FFFFFF
898	#FFFFFF
899	#FFFFFF
900	#FFFFFF
901	#FFFFFF
902	#FFFFFF
903	#FFFFFF
904	#FFFFFF
905	#FFFFFF
906	#FFFFFF
907	#FFFFFF
908	#FFFFFF
909	#FFFFFF
910	#FFFFFF
911	#FFFFFF
912	#FFFFFF
913	#FFFFFF
914	#FFFFFF
915	#FFFFFF
916	#FFFFFF
917	#FFFFFF
918	#FFFFFF
919	#FFFFFF
920	#FFFFFF
921	#FDFDFD
922	#A4A4A4
923	#C9C9C9
924	#9F9F9F
925	#CECECE
926	#E9E9E9
927	#D5D5D5
928	#BBBBBB
929	#D6D6D6
930	#BEBEBE
931	#AEAEAE
932	#C7C7C7
933	#BFBFBF
934	#D9D9D9
935	#C4C4C4
936	#BBBBBB
937	#DBDBDB
938	#B2B2B2
939	#D6D6D6
940	#D5D5D5
941	#BCBCBC
942	#E3E3E3
943	#AEAEAE
944	#A0A0A0
945	#FFFFFF
946	#AEAEAE
947	#C4C4C4
948	#DCDCDC
949	#C8C8C8
950	#C2C2C2
951	#B6B6B6
952	#CECECE
953	#B6B6B6
954	#DCDCDC
955	#BCBCBC
956	#C2C2C2
957	#B5B5B5
958	#BDBDBD
959	#CACACA
960	#E6E6E6
961	#B8B8B8
962	#E3E3E3
963	#B3B3B3
964	#CDCDCD
965	#FFFFFF
966	#BABABA
967	#C0C0C0
968	#B4B4B4
969	#BDBDBD
970	#C4C4C4
971	#EBEBEB
972	#B5B5B5
973	#EAEAEA
974	#C0C0C0
975	#BCBCBC
976	#E0E0E0
977	#B5B5B5
978	#E9E9E9
979	#FFFFFF
980	#FFFFFF
981	#FFFFFF
982	#FFFFFF
983	#FFFFFF
984	#FFFFFF
985	#FFFFFF
986	#FFFFFF
987	#FFFFFF
988	#FFFFFF
989	#FFFFFF
990	#FFFFFF
991	#FFFFFF
992	#FFFFFF
993	#FFFFFF
994	#FFFFFF
995	#FFFFFF
996	#FFFFFF
997	#FFFFFF
998	#FFFFFF
999	#FFFFFF
1000	#FFFFFF
1001	#FFFFFF
1002	#FFFFFF
1003	#FFFFFF
1004	#FFFFFF
1005	#FFFFFF
1006	#FFFFFF
1007	#FFFFFF
1008	#FFFFFF
1009	#FFFFFF
1010	#FFFFFF
1011	#FFFFFF
1012	#FFFFFF
1013	#FFFFFF
1014	#FFFFFF
1015	#FFFFFF
1016	#FFFFFF
1017	#FFFFFF
1018	#FFFFFF
1019	#FFFFFF
1020	#FFFFFF
1021	#FFFFFF
1022	#FFFFFF
1023	#FFFFFF
1024	#FFFFFF
1025	#FFFFFF
1026	#FFFFFF
1027	#FFFFFF
1028	#FFFFFF
1029	#FFFFFF
1030	#FFFFFF
1031	#FFFFFF
1032	#FFFFFF
1033	#FFFFFF
1034	#FFFFFF
1035	#FFFFFF
1036	#FFFFFF
1037	#B5B5B5
1038	#D2D2D2
1039	#CDCDCD
1040	#8E8E8E
1041	#BCBCBC
1042	#B1B1B1
1043	#979797
1044	#BCBCBC
1045	#989898
1046	#A6A6A6
1047	#A1A1A1
1048	#AFAFAF
1049	#ADADAD
1050	#838383
1051	#989898
1052	#B3B3B3
1053	#FFFFFF
1054	#A6A6A6
1055	#9E9E9E
1056	#B3B3B3
1057	#A9A9A9
1058	#A4A4A4
1059	#A9A9A9
1060	#7A7A7A
1061	#969696
1062	#BFBFBF
1063	#949494
1064	#818181
1065	#909090
1066	#DFDFDF
1067	#FFFFFF
1068	#FFFFFF
1069	#FFFFFF
1070	#FFFFFF
1071	#FFFFFF
1072	#FFFFFF
1073	#FFFFFF
1074	#FFFFFF
1075	#FFFFFF
1076	#FFFFFF
1077	#FFFFFF
1078	#FFFFFF
1079	#FFFFFF
1080	#FFFFFF
1081	#FFFFFF
1082	#FFFFFF
1083	#FFFFFF
1084	#FFFFFF
1085	#FFFFFF
1086	#FFFFFF
1087	#FFFFFF
1088	#FFFFFF
1089	#FFFFFF
1090	#FFFFFF
1091	#FFFFFF
1092	#FFFFFF
1093	#FFFFFF
1094	#FFFFFF
1095	#FFFFFF
1096	#FFFFFF
1097	#FFFFFF
1098	#FFFFFF
1099	#FFFFFF
1100	#FFFFFF
1101	#FFFFFF
1102	#FFFFFF
1103	#FFFFFF
1104	#FFFFFF
1105	#FFFFFF
1106	#FFFFFF
1107	#FFFFFF
1108	#FFFFFF
1109	#FFFFFF
1110	#FFFFFF
1111	#FFFFFF
1112	#FFFFFF
1113	#FFFFFF
1114	#FFFFFF
1115	#FFFFFF
1116	#FFFFFF
1117	#FFFFFF
1118	#FFFFFF
1119	#FFFFFF
1120	#FFFFFF
1121	#FBFBFB
1122	#969696
1123	#F9F9F9
1124	#9E9E9E
1125	#A8A8A8
1126	#959595
1127	#9F9F9F
1128	#878787
1129	#A3A3A3
1130	#9D9D9D
1131	#CBCBCB
1132	#A9A9A9
1133	#919191
1134	#898989
1135	#9A9A9A
1136	#B9B9B9
1137	#8C8C8C
1138	#B2B2B2
1139	#999999
1140	#7C7C7C
1141	#959595
1142	#949494
1143	#BBBBBB
1144	#9C9C9C
1145	#FFFFFF
1146	#9A9A9A
1147	#F1F1F1
1148	#EDEDED
1149	#9F9F9F
1150	#AEAEAE
1151	#9A9A9A
1152	#969696
1153	#BFBFBF
1154	#939393
1155	#A4A4A4
1156	#B6B6B6
1157	#B2B2B2
1158	#A3A3A3
1159	#A8A8A8
1160	#ADADAD
1161	#7C7C7C
1162	#9D9D9D
1163	#ABABAB
1164	#9E9E9E
1165	#FCFCFC
1166	#BBBBBB
1167	#9D9D9D
1168	#B2B2B2
1169	#A0A0A0
1170	#ABABAB
1171	#AEAEAE
1172	#818181
1173	#8F8F8F
1174	#B5B5B5
1175	#9B9B9B
1176	#898989
1177	#8E8E8E
1178	#C5C5C5
1179	#FFFFFF
1180	#FFFFFF
1181	#FFFFFF
1182	#FFFFFF
1183	#FFFFFF
1184	#FFFFFF
1185	#FFFFFF
1186	#FFFFFF
1187	#FFFFFF
1188	#FFFFFF
1189	#FFFFFF
1190	#FFFFFF
1191	#FFFFFF
1192	#FFFFFF
1193	#FFFFFF
1194	#FFFFFF
1195	#FFFFFF
1196	#FFFFFF
1197	#FFFFFF
1198	#FFFFFF
1199	#FFFFFF
1200	#FFFFFF
1201	#FFFFFF
1202	#FFFFFF
1203	#FFFFFF
1204	#FFFFFF
1205	#FFFFFF
1206	#FFFFFF
1207	#FFFFFF
1208	#FFFFFF
1209	#FFFFFF
1210	#FFFFFF
1211	#FFFFFF
1212	#FFFFFF
1213	#FFFFFF
1214	#FFFFFF
1215	#FFFFFF
1216	#FFFFFF
1217	#FFFFFF
1218	#FFFFFF
1219	#FFFFFF
1220	#FFFFFF
1221	#FFFFFF
1222	#FFFFFF
1223	#FFFFFF
1224	#FFFFFF
1225	#FFFFFF
1226	#FFFFFF
1227	#FFFFFF
1228	#FFFFFF
1229	#FFFFFF
1230	#FFFFFF
1231	#FFFFFF
1232	#FFFFFF
1233	#FFFFFF
1234	#FFFFFF
1235	#FFFFFF
1236	#FFFFFF
1237	#F7F7F7
1238	#B8B8B8
1239	#BDBDBD
1240	#E1E1E1
1241	#E6E6E6
1242	#D8D8D8
1243	#CBCBCB
1244	#838383
1245	#AFAFAF
1246	#D1D1D1
1247	#D7D7D7
1248	#DFDFDF
1249	#C6C6C6
1250	#AEAEAE
1251	#C7C7C7
1252	#D7D7D7
1253	#FFFFFF
1254	#D0D0D0
1255	#D1D1D1
1256	#E4E4E4
1257	#DEDEDE
1258	#D5D5D5
1259	#C1C1C1
1260	#B0B0B0
1261	#D4D4D4
1262	#929292
1263	#A0A0A0
1264	#D1D1D1
1265	#C0C0C0
1266	#FEFEFE
1267	#FFFFFF
1268	#FFFFFF
1269	#FFFFFF
1270	#FFFFFF
1271	#FFFFFF
1272	#FFFFFF
1273	#FFFFFF
1274	#FFFFFF
1275	#FFFFFF
1276	#FFFFFF
1277	#FFFFFF
1278	#FFFFFF
1279	#FFFFFF
1280	#FFFFFF
1281	#FFFFFF
1282	#FFFFFF
1283	#FFFFFF
1284	#FFFFFF
1285	#FFFFFF
1286	#FFFFFF
1287	#FFFFFF
1288	#FFFFFF
1289	#FFFFFF
1290	#FFFFFF
1291	#FFFFFF
1292	#FFFFFF
1293	#FFFFFF
1294	#FFFFFF
1295	#FFFFFF
1296	#FFFFFF
1297	#FFFFFF
1298	#FFFFFF
1299	#FFFFFF
1300	#FFFFFF
1301	#FFFFFF
1302	#FFFFFF
1303	#FFFFFF
1304	#FFFFFF
1305	#FFFFFF
1306	#FFFFFF
1307	#FFFFFF
1308	#FFFFFF
1309	#FFFFFF
1310	#FFFFFF
1311	#FFFFFF
1312	#FFFFFF
1313	#FFFFFF
1314	#FFFFFF
1315	#FFFFFF
1316	#FFFFFF
1317	#FFFFFF
1318	#FFFFFF
1319	#FFFFFF
1320	#FFFFFF
1321	#FFFFFF
1322	#DADADA
1323	#B1B1B1
1324	#D4D4D4
1325	#EEEEEE
1326	#B3B3B3
1327	#F2F2F2
1328	#B6B6B6
1329	#DCDCDC
1330	#D9D9D9
1331	#EDEDED
1332	#CDCDCD
1333	#B3B3B3
1334	#C1C1C1
1335	#979797
1336	#B7B7B7
1337	#BEBEBE
1338	#969696
1339	#CFCFCF
1340	#CDCDCD
1341	#BFBFBF
1342	#E0E0E0
1343	#AFAFAF
1344	#C4C4C4
1345	#FFFFFF
1346	#E5E5E5
1347	#B3B3B3
1348	#D3D3D3
1349	#C4C4C4
1350	#BCBCBC
1351	#D5D5D5
1352	#D7D7D7
1353	#B2B2B2
1354	#D3D3D3
1355	#DBDBDB
1356	#E1E1E1
1357	#E4E4E4
1358	#DBDBDB
1359	#D9D9D9
1360	#C5C5C5
1361	#B1B1B1
1362	#BEBEBE
1363	#959595
1364	#CACACA
1365	#FFFFFF
1366	#DEDEDE
1367	#D0D0D0
1368	#E4E4E4
1369	#D9D9D9
1370	#DBDBDB
1371	#C7C7C7
1372	#AEAEAE
1373	#D1D1D1
1374	#A4A4A4
1375	#888888
1376	#D9D9D9
1377	#B7B7B7
1378	#F0F0F0
1379	#FFFFFF
1380	#FFFFFF
1381	#FFFFFF
1382	#FFFFFF
1383	#FFFFFF
1384	#FFFFFF
1385	#FFFFFF
1386	#FFFFFF
1387	#FFFFFF
1388	#FFFFFF
1389	#FFFFFF
1390	#FFFFFF
1391	#FFFFFF
1392	#FFFFFF
1393	#FFFFFF
1394	#FFFFFF
1395	#FFFFFF
1396	#FFFFFF
1397	#FFFFFF
1398	#FFFFFF
1399	#FFFFFF
1400	#FFFFFF
1401	#FFFFFF
1402	#FFFFFF
1403	#FFFFFF
1404	#F4F4F4
1405	#989898
1406	#9A9A9A
1407	#AFAFAF
1408	#AFAFAF
1409	#ACACAC
1410	#AFAFAF
1411	#B0B0B0
1412	#B0B0B0
1413	#B0B0B0
1414	#B2B2B2
1415	#B5B5B5
1416	#B0B0B0
1417	#A8A8A8
1418	#ACACAC
1419	#B4B4B4
1420	#B8B8B8
1421	#B9B9B9
1422	#B9B9B9
1423	#B9B9B9
1424	#BCBCBC
1425	#BABABA
1426	#B6B6B6
1427	#B5B5B5
1428	#B2B2B2
1429	#B1B1B1
1430	#AEAEAE
1431	#A2A2A2
1432	#9D9D9D
1433	#A5A5A5
1434	#A6A6A6
1435	#AAAAAA
1436	#AEAEAE
1437	#B1B1B1
1438	#B5B5B5
1439	#B9B9B9
1440	#BBBBBB
1441	#BBBBBB
1442	#BEBEBE
1443	#B2B2B2
1444	#8B8B8B
1445	#B4B4B4
1446	#BDBDBD
1447	#B9B9B9
1448	#BDBDBD
1449	#C2C2C2
1450	#C2C2C2
1451	#C1C1C1
1452	#BFBFBF
1453	#BBBBBB
1454	#BBBBBB
1455	#B9B9B9
1456	#B8B8B8
1457	#B6B6B6
1458	#B3B3B3
1459	#AFAFAF
1460	#ADADAD
1461	#A5A5A5
1462	#6F6F6F
1463	#898989
1464	#A0A0A0
1465	#9F9F9F
1466	#9E9E9E
1467	#9E9E9E
1468	#9D9D9D
1469	#9F9F9F
1470	#A9A9A9
1471	#B3B3B3
1472	#B0B0B0
1473	#AEAEAE
1474	#AEAEAE
1475	#A9A9A9
1476	#A8A8A8
1477	#ACACAC
1478	#ACACAC
1479	#ADADAD
1480	#B0B0B0
1481	#B2B2B2
1482	#B5B5B5
1483	#B4B4B4
1484	#B4B4B4
1485	#B5B5B5
1486	#B4B4B4
1487	#B5B5B5
1488	#AEAEAE
1489	#9A9A9A
1490	#979797
1491	#979797
1492	#969696
1493	#929292
1494	#919191
1495	#8F8F8F
1496	#8A8A8A
1497	#828282
1498	#9A9A9A
1499	#FEFEFE
1500	#FFFFFF
1501	#FFFFFF
1502	#FFFFFF
1503	#B6B6B6
1504	#929292
1505	#A8A8A8
1506	#B1B1B1
1507	#ADADAD
1508	#AEAEAE
1509	#B0B0B0
1510	#B0B0B0
1511	#B0B0B0
1512	#B1B1B1
1513	#B4B4B4
1514	#B3B3B3
1515	#AAAAAA
1516	#AAAAAA
1517	#B1B1B1
1518	#B7B7B7
1519	#B9B9B9
1520	#B9B9B9
1521	#B9B9B9
1522	#BEBEBE
1523	#BFBFBF
1524	#BBBBBB
1525	#B8B8B8
1526	#B8B8B8
1527	#B3B3B3
1528	#B3B3B3
1529	#A9A9A9
1530	#A0A0A0
1531	#A4A4A4
1532	#AAAAAA
1533	#ACACAC
1534	#B1B1B1
1535	#959595
1536	#B5B5B5
1537	#A6A6A6
1538	#AAAAAA
1539	#BDBDBD
1540	#BEBEBE
1541	#BFBFBF
1542	#C1C1C1
1543	#C1C1C1
1544	#C0C0C0
1545	#B7B7B7
1546	#BCBCBC
1547	#C0C0C0
1548	#C1C1C1
1549	#C1C1C1
1550	#C0C0C0
1551	#BFBFBF
1552	#BDBDBD
1553	#BABABA
1554	#B9B9B9
1555	#B8B8B8
1556	#B3B3B3
1557	#AFAFAF
1558	#ACACAC
1559	#AAAAAA
1560	#A8A8A8
1561	#A1A1A1
1562	#939393
1563	#8C8C8C
1564	#A1A1A1
1565	#9E9E9E
1566	#A0A0A0
1567	#A1A1A1
1568	#A7A7A7
1569	#B4B4B4
1570	#B5B5B5
1571	#B2B2B2
1572	#B3B3B3
1573	#AEAEAE
1574	#7E7E7E
1575	#8B8B8B
1576	#B0B0B0
1577	#AFAFAF
1578	#B0B0B0
1579	#B1B1B1
1580	#B4B4B4
1581	#B5B5B5
1582	#B4B4B4
1583	#B4B4B4
1584	#B5B5B5
1585	#B4B4B4
1586	#B4B4B4
1587	#A0A0A0
1588	#989898
1589	#979797
1590	#979797
1591	#949494
1592	#919191
1593	#909090
1594	#8D8D8D
1595	#868686
1596	#7F7F7F
1597	#D2D2D2
1598	#FFFFFF
1599	#FFFFFF
1600	#FFFFFF
1601	#FFFFFF
1602	#FFFFFF
1603	#FFFFFF
1604	#E9E9E9
1605	#484848
1606	#474747
1607	#656565
1608	#888888
1609	#878787
1610	#888888
1611	#8D8D8D
1612	#8F8F8F
1613	#909090
1614	#909090
1615	#969696
1616	#8D8D8D
1617	#7E7E7E
1618	#7E7E7E
1619	#898989
1620	#9E9E9E
1621	#A1A1A1
1622	#A4A4A4
1623	#A5A5A5
1624	#A4A4A4
1625	#9D9D9D
1626	#999999
1627	#979797
1628	#8F8F8F
1629	#868686
1630	#6D6D6D
1631	#5A5A5A
1632	#5F5F5F
1633	#6F6F6F
1634	#727272
1635	#7C7C7C
1636	#898989
1637	#8E8E8E
1638	#8F8F8F
1639	#979797
1640	#9D9D9D
1641	#A0A0A0
1642	#A2A2A2
1643	#A9A9A9
1644	#ADADAD
1645	#A5A5A5
1646	#9D9D9D
1647	#949494
1648	#989898
1649	#A4A4A4
1650	#A9A9A9
1651	#AAAAAA
1652	#AAAAAA
1653	#A9A9A9
1654	#A1A1A1
1655	#9D9D9D
1656	#9B9B9B
1657	#949494
1658	#8E8E8E
1659	#838383
1660	#7B7B7B
1661	#797979
1662	#707070
1663	#656565
1664	#636363
1665	#676767
1666	#6F6F6F
1667	#747474
1668	#777777
1669	#878787
1670	#989898
1671	#969696
1672	#8C8C8C
1673	#8A8A8A
1674	#888888
1675	#7B7B7B
1676	#787878
1677	#858585
1678	#828282
1679	#878787
1680	#919191
1681	#8F8F8F
1682	#999999
1683	#999999
1684	#999999
1685	#999999
1686	#989898
1687	#939393
1688	#6F6F6F
1689	#676767
1690	#727272
1691	#575757
1692	#5E5E5E
1693	#676767
1694	#5D5D5D
1695	#3D3D3D
1696	#505050
1697	#474747
1698	#5A5A5A
1699	#FBFBFB
1700	#FFFFFF
1701	#FFFFFF
1702	#FFFFFF
1703	#7A7A7A
1704	#3F3F3F
1705	#565656
1706	#7E7E7E
1707	#8A8A8A
1708	#868686
1709	#8C8C8C
1710	#8E8E8E
1711	#909090
1712	#909090
1713	#949494
1714	#949494
1715	#808080
1716	#7F7F7F
1717	#818181
1718	#999999
1719	#A1A1A1
1720	#A3A3A3
1721	#A5A5A5
1722	#A5A5A5
1723	#A0A0A0
1724	#999999
1725	#989898
1726	#939393
1727	#8A8A8A
1728	#787878
1729	#5D5D5D
1730	#5C5C5C
1731	#696969
1732	#727272
1733	#767676
1734	#858585
1735	#8F8F8F
1736	#8E8E8E
1737	#959595
1738	#9D9D9D
1739	#A0A0A0
1740	#A0A0A0
1741	#A6A6A6
1742	#A9A9A9
1743	#A5A5A5
1744	#A1A1A1
1745	#969696
1746	#959595
1747	#A0A0A0
1748	#A8A8A8
1749	#AAAAAA
1750	#AAAAAA
1751	#AAAAAA
1752	#A4A4A4
1753	#9E9E9E
1754	#9C9C9C
1755	#979797
1756	#909090
1757	#888888
1758	#7D7D7D
1759	#7A7A7A
1760	#717171
1761	#646464
1762	#656565
1763	#666666
1764	#6C6C6C
1765	#737373
1766	#757575
1767	#808080
1768	#939393
1769	#999999
1770	#8F8F8F
1771	#8A8A8A
1772	#898989
1773	#808080
1774	#7B7B7B
1775	#858585
1776	#848484
1777	#828282
1778	#8F8F8F
1779	#8F8F8F
1780	#969696
1781	#9A9A9A
1782	#999999
1783	#999999
1784	#989898
1785	#989898
1786	#7C7C7C
1787	#686868
1788	#6D6D6D
1789	#666666
1790	#545454
1791	#676767
1792	#666666
1793	#424242
1794	#4B4B4B
1795	#4B4B4B
1796	#3C3C3C
1797	#ABABAB
1798	#FFFFFF
1799	#FFFFFF
1800	#FFFFFF
1801	#FFFFFF
1802	#FFFFFF
1803	#FFFFFF
1804	#EAEAEA
1805	#4E4E4E
1806	#4B4B4B
1807	#515151
1808	#6A6A6A
1809	#8F8F8F
1810	#919191
1811	#939393
1812	#949494
1813	#959595
1814	#969696
1815	#979797
1816	#929292
1817	#8A8A8A
1818	#848484
1819	#7F7F7F
1820	#929292
1821	#9F9F9F
1822	#A6A6A6
1823	#ADADAD
1824	#B1B1B1
1825	#AFAFAF
1826	#A5A5A5
1827	#999999
1828	#8C8C8C
1829	#6F6F6F
1830	#5E5E5E
1831	#5D5D5D
1832	#676767
1833	#757575
1834	#7B7B7B
1835	#828282
1836	#8C8C8C
1837	#969696
1838	#999999
1839	#9F9F9F
1840	#A1A1A1
1841	#A4A4A4
1842	#A7A7A7
1843	#ACACAC
1844	#AFAFAF
1845	#AEAEAE
1846	#A3A3A3
1847	#9B9B9B
1848	#9E9E9E
1849	#A9A9A9
1850	#B0B0B0
1851	#B1B1B1
1852	#B6B6B6
1853	#B8B8B8
1854	#B0B0B0
1855	#AAAAAA
1856	#A1A1A1
1857	#999999
1858	#979797
1859	#959595
1860	#8E8E8E
1861	#919191
1862	#9B9B9B
1863	#A5A5A5
1864	#AEAEAE
1865	#B3B3B3
1866	#B8B8B8
1867	#B3B3B3
1868	#AFAFAF
1869	#AAAAAA
1870	#A3A3A3
1871	#999999
1872	#999999
1873	#959595
1874	#8D8D8D
1875	#808080
1876	#838383
1877	#8F8F8F
1878	#8E8E8E
1879	#9B9B9B
1880	#9E9E9E
1881	#939393
1882	#A0A0A0
1883	#A1A1A1
1884	#A0A0A0
1885	#A0A0A0
1886	#9C9C9C
1887	#7D7D7D
1888	#686868
1889	#858585
1890	#969696
1891	#737373
1892	#606060
1893	#8A8A8A
1894	#868686
1895	#4B4B4B
1896	#5B5B5B
1897	#686868
1898	#717171
1899	#FCFCFC
1900	#FFFFFF
1901	#FFFFFF
1902	#FFFFFF
1903	#7F7F7F
1904	#444444
1905	#4F4F4F
1906	#5C5C5C
1907	#858585
1908	#929292
1909	#919191
1910	#949494
1911	#949494
1912	#969696
1913	#979797
1914	#969696
1915	#8B8B8B
1916	#888888
1917	#7D7D7D
1918	#8A8A8A
1919	#9C9C9C
1920	#A3A3A3
1921	#AAAAAA
1922	#B0B0B0
1923	#B1B1B1
1924	#AAAAAA
1925	#9C9C9C
1926	#939393
1927	#7A7A7A
1928	#626262
1929	#5C5C5C
1930	#626262
1931	#717171
1932	#797979
1933	#7F7F7F
1934	#878787
1935	#939393
1936	#989898
1937	#9D9D9D
1938	#A0A0A0
1939	#A3A3A3
1940	#A7A7A7
1941	#ABABAB
1942	#AEAEAE
1943	#AFAFAF
1944	#A8A8A8
1945	#9C9C9C
1946	#9C9C9C
1947	#A5A5A5
1948	#AFAFAF
1949	#B0B0B0
1950	#B3B3B3
1951	#B8B8B8
1952	#B4B4B4
1953	#ACACAC
1954	#A5A5A5
1955	#9B9B9B
1956	#979797
1957	#979797
1958	#909090
1959	#8F8F8F
1960	#979797
1961	#A1A1A1
1962	#ACACAC
1963	#B1B1B1
1964	#B7B7B7
1965	#B5B5B5
1966	#B0B0B0
1967	#ACACAC
1968	#A6A6A6
1969	#9C9C9C
1970	#989898
1971	#979797
1972	#909090
1973	#848484
1974	#808080
1975	#8C8C8C
1976	#8E8E8E
1977	#959595
1978	#A2A2A2
1979	#949494
1980	#9B9B9B
1981	#A1A1A1
1982	#A0A0A0
1983	#A0A0A0
1984	#9F9F9F
1985	#8D8D8D
1986	#666666
1987	#7D7D7D
1988	#8F8F8F
1989	#878787
1990	#5E5E5E
1991	#7A7A7A
1992	#929292
1993	#606060
1994	#494949
1995	#717171
1996	#565656
1997	#B9B9B9
1998	#FFFFFF
1999	#FFFFFF
2000	#FFFFFF
2001	#FFFFFF
2002	#FFFFFF
2003	#FFFFFF
2004	#EAEAEA
2005	#4A4A4A
2006	#464646
2007	#515151
2008	#565656
2009	#6F6F6F
2010	#939393
2011	#959595
2012	#969696
2013	#959595
2014	#979797
2015	#999999
2016	#949494
2017	#8F8F8F
2018	#868686
2019	#848484
2020	#878787
2021	#878787
2022	#979797
2023	#A8A8A8
2024	#ABABAB
2025	#ACACAC
2026	#AFAFAF
2027	#ACACAC
2028	#9F9F9F
2029	#949494
2030	#8B8B8B
2031	#787878
2032	#737373
2033	#7C7C7C
2034	#7D7D7D
2035	#868686
2036	#949494
2037	#9C9C9C
2038	#A0A0A0
2039	#A1A1A1
2040	#9F9F9F
2041	#A5A5A5
2042	#AAAAAA
2043	#B6B6B6
2044	#C1C1C1
2045	#B9B9B9
2046	#ACACAC
2047	#9F9F9F
2048	#9E9E9E
2049	#A8A8A8
2050	#AFAFAF
2051	#B4B4B4
2052	#BBBBBB
2053	#C3C3C3
2054	#BABABA
2055	#ADADAD
2056	#A3A3A3
2057	#9A9A9A
2058	#9C9C9C
2059	#9E9E9E
2060	#A6A6A6
2061	#B6B6B6
2062	#B7B7B7
2063	#B8B8B8
2064	#BCBCBC
2065	#C1C1C1
2066	#BDBDBD
2067	#B0B0B0
2068	#A7A7A7
2069	#A2A2A2
2070	#A2A2A2
2071	#A0A0A0
2072	#999999
2073	#8E8E8E
2074	#858585
2075	#7F7F7F
2076	#848484
2077	#949494
2078	#9B9B9B
2079	#A4A4A4
2080	#A4A4A4
2081	#999999
2082	#9F9F9F
2083	#A1A1A1
2084	#A1A1A1
2085	#A0A0A0
2086	#8F8F8F
2087	#6C6C6C
2088	#666666
2089	#888888
2090	#8B8B8B
2091	#727272
2092	#737373
2093	#7A7A7A
2094	#7A7A7A
2095	#525252
2096	#606060
2097	#5E5E5E
2098	#6F6F6F
2099	#FBFBFB
2100	#FFFFFF
2101	#FFFFFF
2102	#FFFFFF
2103	#7C7C7C
2104	#3F3F3F
2105	#4E4E4E
2106	#555555
2107	#606060
2108	#8A8A8A
2109	#969696
2110	#969696
2111	#959595
2112	#969696
2113	#999999
2114	#979797
2115	#909090
2116	#8C8C8C
2117	#818181
2118	#888888
2119	#868686
2120	#909090
2121	#A3A3A3
2122	#ACACAC
2123	#ABABAB
2124	#AEAEAE
2125	#AEAEAE
2126	#A5A5A5
2127	#989898
2128	#8F8F8F
2129	#808080
2130	#737373
2131	#797979
2132	#7D7D7D
2133	#818181
2134	#8E8E8E
2135	#9A9A9A
2136	#9E9E9E
2137	#A2A2A2
2138	#9F9F9F
2139	#A2A2A2
2140	#A8A8A8
2141	#B0B0B0
2142	#BFBFBF
2143	#BCBCBC
2144	#B2B2B2
2145	#A2A2A2
2146	#9D9D9D
2147	#A4A4A4
2148	#AEAEAE
2149	#B2B2B2
2150	#B8B8B8
2151	#C1C1C1
2152	#BFBFBF
2153	#B1B1B1
2154	#A7A7A7
2155	#9D9D9D
2156	#9B9B9B
2157	#9E9E9E
2158	#A0A0A0
2159	#B2B2B2
2160	#B9B9B9
2161	#B7B7B7
2162	#BBBBBB
2163	#BFBFBF
2164	#C0C0C0
2165	#B4B4B4
2166	#ABABAB
2167	#A3A3A3
2168	#A2A2A2
2169	#A1A1A1
2170	#9C9C9C
2171	#929292
2172	#898989
2173	#808080
2174	#808080
2175	#8F8F8F
2176	#999999
2177	#9F9F9F
2178	#A8A8A8
2179	#9A9A9A
2180	#9D9D9D
2181	#A0A0A0
2182	#A1A1A1
2183	#A0A0A0
2184	#999999
2185	#787878
2186	#616161
2187	#7E7E7E
2188	#8B8B8B
2189	#7F7F7F
2190	#6D6D6D
2191	#787878
2192	#828282
2193	#5B5B5B
2194	#5C5C5C
2195	#5E5E5E
2196	#575757
2197	#B4B4B4
2198	#FFFFFF
2199	#FFFFFF
2200	#FFFFFF
2201	#FFFFFF
2202	#FFFFFF
2203	#FFFFFF
2204	#EAEAEA
2205	#484848
2206	#444444
2207	#4D4D4D
2208	#545454
2209	#595959
2210	#7D7D7D
2211	#969696
2212	#999999
2213	#989898
2214	#999999
2215	#9A9A9A
2216	#989898
2217	#969696
2218	#8E8E8E
2219	#8B8B8B
2220	#8C8C8C
2221	#818181
2222	#838383
2223	#919191
2224	#959595
2225	#929292
2226	#929292
2227	#9B9B9B
2228	#A6A6A6
2229	#B2B2B2
2230	#BBBBBB
2231	#BDBDBD
2232	#B2B2B2
2233	#969696
2234	#7F7F7F
2235	#898989
2236	#9D9D9D
2237	#A2A2A2
2238	#A5A5A5
2239	#A8A8A8
2240	#A2A2A2
2241	#A3A3A3
2242	#AEAEAE
2243	#B9B9B9
2244	#BEBEBE
2245	#B9B9B9
2246	#AFAFAF
2247	#9E9E9E
2248	#9C9C9C
2249	#A9A9A9
2250	#B0B0B0
2251	#B6B6B6
2252	#BCBCBC
2253	#BDBDBD
2254	#B9B9B9
2255	#AFAFAF
2256	#A2A2A2
2257	#9D9D9D
2258	#A9A9A9
2259	#B3B3B3
2260	#BBBBBB
2261	#B9B9B9
2262	#B8B8B8
2263	#BABABA
2264	#C3C3C3
2265	#C3C3C3
2266	#B4B4B4
2267	#ABABAB
2268	#A9A9A9
2269	#ABABAB
2270	#AAAAAA
2271	#9F9F9F
2272	#8D8D8D
2273	#828282
2274	#818181
2275	#818181
2276	#858585
2277	#9A9A9A
2278	#A1A1A1
2279	#A3A3A3
2280	#A3A3A3
2281	#A4A4A4
2282	#A1A1A1
2283	#9E9E9E
2284	#9E9E9E
2285	#9C9C9C
2286	#838383
2287	#6A6A6A
2288	#656565
2289	#6E6E6E
2290	#676767
2291	#5D5D5D
2292	#636363
2293	#575757
2294	#484848
2295	#404040
2296	#424242
2297	#323232
2298	#4F4F4F
2299	#FDFDFD
2300	#FFFFFF
2301	#FFFFFF
2302	#FFFFFF
2303	#7A7A7A
2304	#3D3D3D
2305	#4A4A4A
2306	#535353
2307	#555555
2308	#6C6C6C
2309	#929292
2310	#999999
2311	#999999
2312	#989898
2313	#9A9A9A
2314	#999999
2315	#959595
2316	#949494
2317	#898989
2318	#8E8E8E
2319	#858585
2320	#808080
2321	#8D8D8D
2322	#949494
2323	#949494
2324	#919191
2325	#979797
2326	#A3A3A3
2327	#ADADAD
2328	#B8B8B8
2329	#BEBEBE
2330	#B8B8B8
2331	#A2A2A2
2332	#848484
2333	#828282
2334	#979797
2335	#A2A2A2
2336	#A4A4A4
2337	#A8A8A8
2338	#A5A5A5
2339	#A1A1A1
2340	#AAAAAA
2341	#B6B6B6
2342	#BEBEBE
2343	#BCBCBC
2344	#B4B4B4
2345	#A3A3A3
2346	#9A9A9A
2347	#A4A4A4
2348	#AEAEAE
2349	#B4B4B4
2350	#BBBBBB
2351	#BDBDBD
2352	#BCBCBC
2353	#B3B3B3
2354	#A8A8A8
2355	#9C9C9C
2356	#A4A4A4
2357	#AFAFAF
2358	#B9B9B9
2359	#BABABA
2360	#B8B8B8
2361	#B8B8B8
2362	#C0C0C0
2363	#C5C5C5
2364	#BABABA
2365	#ADADAD
2366	#A9A9A9
2367	#AAAAAA
2368	#ABABAB
2369	#A5A5A5
2370	#939393
2371	#858585
2372	#808080
2373	#818181
2374	#818181
2375	#939393
2376	#A0A0A0
2377	#A2A2A2
2378	#A3A3A3
2379	#A4A4A4
2380	#A3A3A3
2381	#9F9F9F
2382	#9E9E9E
2383	#9E9E9E
2384	#909090
2385	#717171
2386	#636363
2387	#6D6D6D
2388	#6B6B6B
2389	#606060
2390	#626262
2391	#5D5D5D
2392	#505050
2393	#3F3F3F
2394	#464646
2395	#383838
2396	#282828
2397	#ABABAB
2398	#FFFFFF
2399	#FFFFFF
2400	#FFFFFF
2401	#FFFFFF
2402	#FFFFFF
2403	#FFFFFF
2404	#EAEAEA
2405	#494949
2406	#464646
2407	#4B4B4B
2408	#525252
2409	#565656
2410	#666666
2411	#898989
2412	#989898
2413	#9A9A9A
2414	#9C9C9C
2415	#9A9A9A
2416	#9C9C9C
2417	#999999
2418	#999999
2419	#939393
2420	#919191
2421	#888888
2422	#848484
2423	#8B8B8B
2424	#949494
2425	#9D9D9D
2426	#A1A1A1
2427	#A7A7A7
2428	#A7A7A7
2429	#ABABAB
2430	#B5B5B5
2431	#C3C3C3
2432	#C2C2C2
2433	#C0C0C0
2434	#A9A9A9
2435	#999999
2436	#9F9F9F
2437	#A5A5A5
2438	#A8A8A8
2439	#AAAAAA
2440	#A7A7A7
2441	#A1A1A1
2442	#A4A4A4
2443	#B4B4B4
2444	#BBBBBB
2445	#B9B9B9
2446	#B6B6B6
2447	#AAAAAA
2448	#AAAAAA
2449	#B3B3B3
2450	#B8B8B8
2451	#BBBBBB
2452	#BBBBBB
2453	#BBBBBB
2454	#B5B5B5
2455	#A7A7A7
2456	#A4A4A4
2457	#AFAFAF
2458	#BABABA
2459	#BEBEBE
2460	#BDBDBD
2461	#BDBDBD
2462	#C0C0C0
2463	#BDBDBD
2464	#AEAEAE
2465	#B0B0B0
2466	#B3B3B3
2467	#AEAEAE
2468	#A2A2A2
2469	#989898
2470	#999999
2471	#969696
2472	#838383
2473	#7E7E7E
2474	#828282
2475	#828282
2476	#878787
2477	#9D9D9D
2478	#A1A1A1
2479	#A0A0A0
2480	#A0A0A0
2481	#A6A6A6
2482	#A5A5A5
2483	#9D9D9D
2484	#989898
2485	#959595
2486	#7D7D7D
2487	#6E6E6E
2488	#636363
2489	#5E5E5E
2490	#585858
2491	#525252
2492	#474747
2493	#3D3D3D
2494	#2E2E2E
2495	#242424
2496	#1E1E1E
2497	#111111
2498	#3F3F3F
2499	#FEFEFE
2500	#FFFFFF
2501	#FFFFFF
2502	#FFFFFF
2503	#7B7B7B
2504	#3F3F3F
2505	#4A4A4A
2506	#4F4F4F
2507	#545454
2508	#5D5D5D
2509	#7D7D7D
2510	#959595
2511	#9A9A9A
2512	#9B9B9B
2513	#9C9C9C
2514	#9B9B9B
2515	#9A9A9A
2516	#9B9B9B
2517	#949494
2518	#929292
2519	#8D8D8D
2520	#848484
2521	#888888
2522	#909090
2523	#9B9B9B
2524	#A0A0A0
2525	#A5A5A5
2526	#A7A7A7
2527	#A8A8A8
2528	#B0B0B0
2529	#C0C0C0
2530	#C2C2C2
2531	#C3C3C3
2532	#B3B3B3
2533	#9B9B9B
2534	#9D9D9D
2535	#A3A3A3
2536	#A7A7A7
2537	#A9A9A9
2538	#A9A9A9
2539	#A2A2A2
2540	#A1A1A1
2541	#AEAEAE
2542	#BBBBBB
2543	#B9B9B9
2544	#B8B8B8
2545	#AEAEAE
2546	#A8A8A8
2547	#B0B0B0
2548	#B7B7B7
2549	#BBBBBB
2550	#BBBBBB
2551	#BBBBBB
2552	#B9B9B9
2553	#ABABAB
2554	#A3A3A3
2555	#A9A9A9
2556	#B7B7B7
2557	#BDBDBD
2558	#BEBEBE
2559	#BDBDBD
2560	#BFBFBF
2561	#C0C0C0
2562	#B4B4B4
2563	#ADADAD
2564	#B4B4B4
2565	#B1B1B1
2566	#A7A7A7
2567	#9A9A9A
2568	#989898
2569	#999999
2570	#898989
2571	#7E7E7E
2572	#818181
2573	#838383
2574	#828282
2575	#969696
2576	#A2A2A2
2577	#A0A0A0
2578	#9F9F9F
2579	#A4A4A4
2580	#A6A6A6
2581	#A0A0A0
2582	#999999
2583	#979797
2584	#888888
2585	#717171
2586	#676767
2587	#606060
2588	#5A5A5A
2589	#545454
2590	#4C4C4C
2591	#414141
2592	#333333
2593	#272727
2594	#202020
2595	#1A1A1A
2596	#0B0B0B
2597	#ABABAB
2598	#FFFFFF
2599	#FFFFFF
2600	#FFFFFF
2601	#FFFFFF
2602	#FFFFFF
2603	#FFFFFF
2604	#EAEAEA
2605	#454545
2606	#464646
2607	#505050
2608	#545454
2609	#555555
2610	#5B5B5B
2611	#777777
2612	#939393
2613	#999999
2614	#9C9C9C
2615	#9D9D9D
2616	#9D9D9D
2617	#9F9F9F
2618	#A6A6A6
2619	#9F9F9F
2620	#9A9A9A
2621	#8D8D8D
2622	#868686
2623	#888888
2624	#898989
2625	#8E8E8E
2626	#9D9D9D
2627	#A9A9A9
2628	#ABABAB
2629	#ACACAC
2630	#B1B1B1
2631	#C4C4C4
2632	#C3C3C3
2633	#BEBEBE
2634	#BFBFBF
2635	#BEBEBE
2636	#B4B4B4
2637	#ACACAC
2638	#A9A9A9
2639	#A9A9A9
2640	#AAAAAA
2641	#A5A5A5
2642	#A1A1A1
2643	#AFAFAF
2644	#BDBDBD
2645	#B9B9B9
2646	#B7B7B7
2647	#ACACAC
2648	#ADADAD
2649	#B7B7B7
2650	#BBBBBB
2651	#BCBCBC
2652	#BCBCBC
2653	#BDBDBD
2654	#AFAFAF
2655	#A8A8A8
2656	#B5B5B5
2657	#B5B5B5
2658	#B1B1B1
2659	#B6B6B6
2660	#BEBEBE
2661	#C3C3C3
2662	#C1C1C1
2663	#AAAAAA
2664	#8F8F8F
2665	#979797
2666	#9E9E9E
2667	#979797
2668	#8B8B8B
2669	#949494
2670	#9A9A9A
2671	#989898
2672	#8E8E8E
2673	#828282
2674	#838383
2675	#818181
2676	#868686
2677	#9B9B9B
2678	#9F9F9F
2679	#9E9E9E
2680	#9E9E9E
2681	#A2A2A2
2682	#A2A2A2
2683	#9F9F9F
2684	#959595
2685	#8B8B8B
2686	#787878
2687	#6E6E6E
2688	#666666
2689	#606060
2690	#595959
2691	#515151
2692	#444444
2693	#363636
2694	#2A2A2A
2695	#232323
2696	#1C1C1C
2697	#0F0F0F
2698	#3D3D3D
2699	#FEFEFE
2700	#FFFFFF
2701	#FFFFFF
2702	#FFFFFF
2703	#787878
2704	#3D3D3D
2705	#4D4D4D
2706	#535353
2707	#555555
2708	#575757
2709	#696969
2710	#8D8D8D
2711	#979797
2712	#9B9B9B
2713	#9E9E9E
2714	#9D9D9D
2715	#9F9F9F
2716	#A4A4A4
2717	#A3A3A3
2718	#9C9C9C
2719	#929292
2720	#878787
2721	#878787
2722	#888888
2723	#8C8C8C
2724	#969696
2725	#A7A7A7
2726	#ABABAB
2727	#ACACAC
2728	#AEAEAE
2729	#BDBDBD
2730	#C7C7C7
2731	#BFBFBF
2732	#BEBEBE
2733	#C0C0C0
2734	#B8B8B8
2735	#AEAEAE
2736	#AAAAAA
2737	#A9A9A9
2738	#AAAAAA
2739	#A8A8A8
2740	#A2A2A2
2741	#A7A7A7
2742	#BBBBBB
2743	#BBBBBB
2744	#B8B8B8
2745	#B0B0B0
2746	#AAAAAA
2747	#B3B3B3
2748	#BABABA
2749	#BBBBBB
2750	#BCBCBC
2751	#BEBEBE
2752	#B6B6B6
2753	#A7A7A7
2754	#B0B0B0
2755	#B7B7B7
2756	#B2B2B2
2757	#B3B3B3
2758	#BCBCBC
2759	#C1C1C1
2760	#C3C3C3
2761	#B6B6B6
2762	#959595
2763	#919191
2764	#9E9E9E
2765	#9B9B9B
2766	#8E8E8E
2767	#8F8F8F
2768	#999999
2769	#9A9A9A
2770	#929292
2771	#858585
2772	#838383
2773	#828282
2774	#828282
2775	#949494
2776	#A0A0A0
2777	#9F9F9F
2778	#9D9D9D
2779	#A1A1A1
2780	#A2A2A2
2781	#A1A1A1
2782	#999999
2783	#8F8F8F
2784	#808080
2785	#707070
2786	#696969
2787	#626262
2788	#5C5C5C
2789	#555555
2790	#494949
2791	#3C3C3C
2792	#2E2E2E
2793	#262626
2794	#1F1F1F
2795	#171717
2796	#090909
2797	#AAAAAA
2798	#FFFFFF
2799	#FFFFFF
2800	#FFFFFF
2801	#FFFFFF
2802	#FFFFFF
2803	#FFFFFF
2804	#E9E9E9
2805	#404040
2806	#444444
2807	#535353
2808	#585858
2809	#575757
2810	#6D6D6D
2811	#909090
2812	#A0A0A0
2813	#989898
2814	#9D9D9D
2815	#9D9D9D
2816	#9E9E9E
2817	#A9A9A9
2818	#A7A7A7
2819	#A8A8A8
2820	#A0A0A0
2821	#8D8D8D
2822	#888888
2823	#898989
2824	#838383
2825	#828282
2826	#929292
2827	#989898
2828	#939393
2829	#959595
2830	#A6A6A6
2831	#B1B1B1
2832	#C6C6C6
2833	#C3C3C3
2834	#BBBBBB
2835	#C0C0C0
2836	#C5C5C5
2837	#BFBFBF
2838	#ABABAB
2839	#A0A0A0
2840	#A3A3A3
2841	#A7A7A7
2842	#A3A3A3
2843	#AAAAAA
2844	#BABABA
2845	#BBBBBB
2846	#B7B7B7
2847	#ADADAD
2848	#ADADAD
2849	#B7B7B7
2850	#BDBDBD
2851	#BCBCBC
2852	#BBBBBB
2853	#BBBBBB
2854	#AEAEAE
2855	#B0B0B0
2856	#B4B4B4
2857	#B0B0B0
2858	#B0B0B0
2859	#B8B8B8
2860	#BCBCBC
2861	#BDBDBD
2862	#B5B5B5
2863	#A5A5A5
2864	#989898
2865	#929292
2866	#939393
2867	#8C8C8C
2868	#8A8A8A
2869	#9A9A9A
2870	#9D9D9D
2871	#999999
2872	#959595
2873	#8A8A8A
2874	#858585
2875	#838383
2876	#8C8C8C
2877	#9C9C9C
2878	#A2A2A2
2879	#A1A1A1
2880	#9F9F9F
2881	#9D9D9D
2882	#9C9C9C
2883	#9E9E9E
2884	#949494
2885	#818181
2886	#737373
2887	#6D6D6D
2888	#656565
2889	#606060
2890	#575757
2891	#4C4C4C
2892	#3C3C3C
2893	#2F2F2F
2894	#272727
2895	#1F1F1F
2896	#171717
2897	#0B0B0B
2898	#3A3A3A
2899	#FEFEFE
2900	#FFFFFF
2901	#FFFFFF
2902	#FFFFFF
2903	#757575
2904	#393939
2905	#4E4E4E
2906	#575757
2907	#575757
2908	#616161
2909	#838383
2910	#9E9E9E
2911	#9A9A9A
2912	#9B9B9B
2913	#9F9F9F
2914	#9C9C9C
2915	#A6A6A6
2916	#A7A7A7
2917	#A8A8A8
2918	#A4A4A4
2919	#949494
2920	#888888
2921	#898989
2922	#858585
2923	#828282
2924	#8B8B8B
2925	#989898
2926	#959595
2927	#929292
2928	#A0A0A0
2929	#ACACAC
2930	#BEBEBE
2931	#C7C7C7
2932	#BCBCBC
2933	#BEBEBE
2934	#C4C4C4
2935	#C3C3C3
2936	#B3B3B3
2937	#A2A2A2
2938	#A1A1A1
2939	#A6A6A6
2940	#A5A5A5
2941	#A6A6A6
2942	#B5B5B5
2943	#BCBCBC
2944	#B9B9B9
2945	#B1B1B1
2946	#ACACAC
2947	#B3B3B3
2948	#BCBCBC
2949	#BDBDBD
2950	#BBBBBB
2951	#BDBDBD
2952	#B2B2B2
2953	#ADADAD
2954	#B4B4B4
2955	#B1B1B1
2956	#AEAEAE
2957	#B4B4B4
2958	#BBBBBB
2959	#BDBDBD
2960	#BABABA
2961	#ABABAB
2962	#9D9D9D
2963	#939393
2964	#939393
2965	#8F8F8F
2966	#888888
2967	#949494
2968	#9D9D9D
2969	#9B9B9B
2970	#979797
2971	#8F8F8F
2972	#858585
2973	#848484
2974	#868686
2975	#979797
2976	#A1A1A1
2977	#A2A2A2
2978	#A0A0A0
2979	#9E9E9E
2980	#9C9C9C
2981	#9D9D9D
2982	#9A9A9A
2983	#888888
2984	#777777
2985	#6F6F6F
2986	#686868
2987	#626262
2988	#5B5B5B
2989	#505050
2990	#434343
2991	#333333
2992	#2A2A2A
2993	#222222
2994	#1A1A1A
2995	#131313
2996	#050505
2997	#A9A9A9
2998	#FFFFFF
2999	#FFFFFF
3000	#FFFFFF
3001	#FFFFFF
3002	#FFFFFF
3003	#FFFFFF
3004	#EAEAEA
3005	#3B3B3B
3006	#3E3E3E
3007	#515151
3008	#5A5A5A
3009	#5A5A5A
3010	#B1B1B1
3011	#D5D5D5
3012	#DCDCDC
3013	#B9B9B9
3014	#999999
3015	#999999
3016	#A4A4A4
3017	#ABABAB
3018	#A3A3A3
3019	#A3A3A3
3020	#A2A2A2
3021	#8F8F8F
3022	#8A8A8A
3023	#8B8B8B
3024	#868686
3025	#8F8F8F
3026	#979797
3027	#999999
3028	#929292
3029	#838383
3030	#898989
3031	#929292
3032	#9E9E9E
3033	#B8B8B8
3034	#C1C1C1
3035	#BFBFBF
3036	#C3C3C3
3037	#C1C1C1
3038	#C1C1C1
3039	#BBBBBB
3040	#B3B3B3
3041	#AEAEAE
3042	#AAAAAA
3043	#ABABAB
3044	#B7B7B7
3045	#B8B8B8
3046	#B5B5B5
3047	#ADADAD
3048	#AEAEAE
3049	#B6B6B6
3050	#BCBCBC
3051	#B7B7B7
3052	#B8B8B8
3053	#B9B9B9
3054	#B3B3B3
3055	#B3B3B3
3056	#B8B8B8
3057	#B8B8B8
3058	#B5B5B5
3059	#BBBBBB
3060	#BBBBBB
3061	#ADADAD
3062	#AEAEAE
3063	#AFAFAF
3064	#A4A4A4
3065	#959595
3066	#929292
3067	#8B8B8B
3068	#8C8C8C
3069	#9C9C9C
3070	#9D9D9D
3071	#9B9B9B
3072	#999999
3073	#8E8E8E
3074	#868686
3075	#878787
3076	#959595
3077	#9C9C9C
3078	#A3A3A3
3079	#A3A3A3
3080	#9F9F9F
3081	#9B9B9B
3082	#9C9C9C
3083	#989898
3084	#8B8B8B
3085	#7C7C7C
3086	#717171
3087	#6B6B6B
3088	#656565
3089	#5E5E5E
3090	#525252
3091	#454545
3092	#343434
3093	#2B2B2B
3094	#232323
3095	#1B1B1B
3096	#131313
3097	#050505
3098	#393939
3099	#FEFEFE
3100	#FFFFFF
3101	#FFFFFF
3102	#FFFFFF
3103	#727272
3104	#313131
3105	#4C4C4C
3106	#585858
3107	#585858
3108	#848484
3109	#DADADA
3110	#D5D5D5
3111	#D0D0D0
3112	#9D9D9D
3113	#999999
3114	#9F9F9F
3115	#ABABAB
3116	#A6A6A6
3117	#A3A3A3
3118	#A3A3A3
3119	#979797
3120	#898989
3121	#8C8C8C
3122	#878787
3123	#8B8B8B
3124	#949494
3125	#999999
3126	#969696
3127	#878787
3128	#858585
3129	#8F8F8F
3130	#989898
3131	#AFAFAF
3132	#C1C1C1
3133	#BFBFBF
3134	#C2C2C2
3135	#C1C1C1
3136	#C1C1C1
3137	#BDBDBD
3138	#B5B5B5
3139	#AFAFAF
3140	#ACACAC
3141	#A9A9A9
3142	#B2B2B2
3143	#B9B9B9
3144	#B6B6B6
3145	#AFAFAF
3146	#ADADAD
3147	#B3B3B3
3148	#BBBBBB
3149	#B9B9B9
3150	#B5B5B5
3151	#BBBBBB
3152	#B5B5B5
3153	#B2B2B2
3154	#B6B6B6
3155	#B9B9B9
3156	#B5B5B5
3157	#B8B8B8
3158	#BDBDBD
3159	#B2B2B2
3160	#ACACAC
3161	#B0B0B0
3162	#A9A9A9
3163	#999999
3164	#939393
3165	#8E8E8E
3166	#8A8A8A
3167	#969696
3168	#9F9F9F
3169	#9B9B9B
3170	#9A9A9A
3171	#939393
3172	#888888
3173	#868686
3174	#8F8F8F
3175	#9B9B9B
3176	#A0A0A0
3177	#A4A4A4
3178	#A0A0A0
3179	#9C9C9C
3180	#9B9B9B
3181	#9A9A9A
3182	#929292
3183	#818181
3184	#747474
3185	#6D6D6D
3186	#676767
3187	#616161
3188	#565656
3189	#4B4B4B
3190	#3A3A3A
3191	#2D2D2D
3192	#262626
3193	#1E1E1E
3194	#161616
3195	#0E0E0E
3196	#030303
3197	#AAAAAA
3198	#FFFFFF
3199	#FFFFFF
3200	#FFFFFF
3201	#FFFFFF
3202	#FFFFFF
3203	#FFFFFF
3204	#E9E9E9
3205	#333333
3206	#373737
3207	#4E4E4E
3208	#585858
3209	#5C5C5C
3210	#B3B3B3
3211	#898989
3212	#9B9B9B
3213	#D0D0D0
3214	#969696
3215	#9F9F9F
3216	#A7A7A7
3217	#A6A6A6
3218	#A5A5A5
3219	#A5A5A5
3220	#A5A5A5
3221	#949494
3222	#898989
3223	#898989
3224	#8A8A8A
3225	#969696
3226	#9A9A9A
3227	#999999
3228	#969696
3229	#868686
3230	#898989
3231	#8C8C8C
3232	#8E8E8E
3233	#999999
3234	#BBBBBB
3235	#C8C8C8
3236	#C2C2C2
3237	#C0C0C0
3238	#BFBFBF
3239	#BFBFBF
3240	#C2C2C2
3241	#BFBFBF
3242	#B8B8B8
3243	#B5B5B5
3244	#BDBDBD
3245	#B7B7B7
3246	#ABABAB
3247	#A6A6A6
3248	#ABABAB
3249	#B4B4B4
3250	#B5B5B5
3251	#B0B0B0
3252	#BCBCBC
3253	#BEBEBE
3254	#BBBBBB
3255	#BEBEBE
3256	#C0C0C0
3257	#BCBCBC
3258	#B7B7B7
3259	#B7B7B7
3260	#AFAFAF
3261	#ACACAC
3262	#B2B2B2
3263	#B6B6B6
3264	#ACACAC
3265	#9B9B9B
3266	#939393
3267	#909090
3268	#909090
3269	#9B9B9B
3270	#9E9E9E
3271	#9D9D9D
3272	#9D9D9D
3273	#919191
3274	#909090
3275	#979797
3276	#A1A1A1
3277	#9D9D9D
3278	#9F9F9F
3279	#A4A4A4
3280	#9C9C9C
3281	#999999
3282	#9B9B9B
3283	#969696
3284	#868686
3285	#797979
3286	#6F6F6F
3287	#6A6A6A
3288	#626262
3289	#595959
3290	#4C4C4C
3291	#3C3C3C
3292	#2D2D2D
3293	#272727
3294	#1E1E1E
3295	#151515
3296	#0D0D0D
3297	#010101
3298	#353535
3299	#FEFEFE
3300	#FFFFFF
3301	#FFFFFF
3302	#FFFFFF
3303	#6E6E6E
3304	#292929
3305	#474747
3306	#555555
3307	#585858
3308	#8C8C8C
3309	#ADADAD
3310	#7B7B7B
3311	#D2D2D2
3312	#A4A4A4
3313	#999999
3314	#A5A5A5
3315	#A7A7A7
3316	#A5A5A5
3317	#A5A5A5
3318	#A6A6A6
3319	#9C9C9C
3320	#8A8A8A
3321	#8A8A8A
3322	#888888
3323	#929292
3324	#999999
3325	#9A9A9A
3326	#999999
3327	#8B8B8B
3328	#878787
3329	#8B8B8B
3330	#8E8E8E
3331	#919191
3332	#AFAFAF
3333	#C6C6C6
3334	#C5C5C5
3335	#BFBFBF
3336	#BFBFBF
3337	#BEBEBE
3338	#C1C1C1
3339	#C0C0C0
3340	#BCBCBC
3341	#B4B4B4
3342	#BABABA
3343	#BCBCBC
3344	#AEAEAE
3345	#A7A7A7
3346	#A8A8A8
3347	#B1B1B1
3348	#B7B7B7
3349	#B0B0B0
3350	#B7B7B7
3351	#BFBFBF
3352	#BBBBBB
3353	#BCBCBC
3354	#C0C0C0
3355	#BEBEBE
3356	#B9B9B9
3357	#B7B7B7
3358	#B3B3B3
3359	#ABABAB
3360	#AFAFAF
3361	#B6B6B6
3362	#B1B1B1
3363	#A1A1A1
3364	#959595
3365	#919191
3366	#8F8F8F
3367	#969696
3368	#9F9F9F
3369	#9D9D9D
3370	#9D9D9D
3371	#969696
3372	#8E8E8E
3373	#949494
3374	#9F9F9F
3375	#9F9F9F
3376	#9D9D9D
3377	#A3A3A3
3378	#9F9F9F
3379	#999999
3380	#9A9A9A
3381	#999999
3382	#8C8C8C
3383	#7D7D7D
3384	#727272
3385	#6B6B6B
3386	#666666
3387	#5D5D5D
3388	#515151
3389	#434343
3390	#313131
3391	#292929
3392	#222222
3393	#181818
3394	#101010
3395	#080808
3396	#000000
3397	#A8A8A8
3398	#FFFFFF
3399	#FFFFFF
3400	#FFFFFF
3401	#FFFFFF
3402	#FFFFFF
3403	#FFFFFF
3404	#E9E9E9
3405	#2F2F2F
3406	#2F2F2F
3407	#494949
3408	#555555
3409	#5C5C5C
3410	#B4B4B4
3411	#828282
3412	#868686
3413	#C7C7C7
3414	#979797
3415	#A0A0A0
3416	#A2A2A2
3417	#A5A5A5
3418	#A7A7A7
3419	#A9A9A9
3420	#A5A5A5
3421	#999999
3422	#8B8B8B
3423	#898989
3424	#8A8A8A
3425	#969696
3426	#999999
3427	#9A9A9A
3428	#999999
3429	#888888
3430	#898989
3431	#8F8F8F
3432	#939393
3433	#9D9D9D
3434	#B5B5B5
3435	#C1C1C1
3436	#C3C3C3
3437	#C3C3C3
3438	#BABABA
3439	#B5B5B5
3440	#B8B8B8
3441	#BFBFBF
3442	#BEBEBE
3443	#BDBDBD
3444	#C3C3C3
3445	#C2C2C2
3446	#ACACAC
3447	#A0A0A0
3448	#9D9D9D
3449	#A5A5A5
3450	#ADADAD
3451	#B5B5B5
3452	#C4C4C4
3453	#C1C1C1
3454	#BCBCBC
3455	#BEBEBE
3456	#BFBFBF
3457	#BABABA
3458	#B6B6B6
3459	#B5B5B5
3460	#AAAAAA
3461	#A8A8A8
3462	#AEAEAE
3463	#BDBDBD
3464	#B4B4B4
3465	#A0A0A0
3466	#9B9B9B
3467	#959595
3468	#909090
3469	#9A9A9A
3470	#A0A0A0
3471	#A1A1A1
3472	#9F9F9F
3473	#9C9C9C
3474	#9D9D9D
3475	#A2A2A2
3476	#ABABAB
3477	#A7A7A7
3478	#A2A2A2
3479	#979797
3480	#929292
3481	#979797
3482	#979797
3483	#8B8B8B
3484	#7F7F7F
3485	#777777
3486	#6E6E6E
3487	#666666
3488	#5E5E5E
3489	#545454
3490	#434343
3491	#343434
3492	#282828
3493	#212121
3494	#161616
3495	#0D0D0D
3496	#080808
3497	#000000
3498	#343434
3499	#FEFEFE
3500	#FFFFFF
3501	#FFFFFF
3502	#FFFFFF
3503	#6B6B6B
3504	#222222
3505	#414141
3506	#525252
3507	#575757
3508	#8E8E8E
3509	#AAAAAA
3510	#696969
3511	#C4C4C4
3512	#A1A1A1
3513	#9D9D9D
3514	#A2A2A2
3515	#A4A4A4
3516	#A6A6A6
3517	#A8A8A8
3518	#A7A7A7
3519	#9E9E9E
3520	#909090
3521	#898989
3522	#888888
3523	#929292
3524	#999999
3525	#999999
3526	#9B9B9B
3527	#8D8D8D
3528	#878787
3529	#8D8D8D
3530	#939393
3531	#979797
3532	#ACACAC
3533	#BFBFBF
3534	#C3C3C3
3535	#C4C4C4
3536	#BEBEBE
3537	#B5B5B5
3538	#B7B7B7
3539	#BCBCBC
3540	#C0C0C0
3541	#BCBCBC
3542	#C0C0C0
3543	#C5C5C5
3544	#B4B4B4
3545	#A2A2A2
3546	#9D9D9D
3547	#A1A1A1
3548	#ABABAB
3549	#B1B1B1
3550	#C0C0C0
3551	#C4C4C4
3552	#BDBDBD
3553	#BDBDBD
3554	#BFBFBF
3555	#BCBCBC
3556	#B7B7B7
3557	#B6B6B6
3558	#AFAFAF
3559	#A7A7A7
3560	#ABABAB
3561	#B9B9B9
3562	#BBBBBB
3563	#A7A7A7
3564	#9B9B9B
3565	#999999
3566	#919191
3567	#959595
3568	#A0A0A0
3569	#A0A0A0
3570	#A1A1A1
3571	#9C9C9C
3572	#9D9D9D
3573	#9F9F9F
3574	#A9A9A9
3575	#A9A9A9
3576	#A4A4A4
3577	#9C9C9C
3578	#929292
3579	#959595
3580	#989899
3581	#919191
3582	#838383
3583	#7A7A7A
3584	#717171
3585	#696969
3586	#616161
3587	#585858
3588	#4A4A4A
3589	#393939
3590	#2C2C2C
3591	#242424
3592	#1A1A1A
3593	#101010
3594	#090909
3595	#050505
3596	#000000
3597	#A7A7A7
3598	#FFFFFF
3599	#FFFFFF
3600	#FFFFFF
3601	#FFFFFF
3602	#FFFFFF
3603	#FFFFFF
3604	#E9E9E9
3605	#2B2B2B
3606	#272727
3607	#414141
3608	#525252
3609	#595959
3610	#B6B6B6
3611	#AFAFAF
3612	#B8B8B8
3613	#ACACAC
3614	#969696
3615	#9E9E9E
3616	#A0A0A0
3617	#A6A6A6
3618	#ABABAB
3619	#ABABAB
3620	#A4A4A4
3621	#A2A2A2
3622	#979797
3623	#929292
3624	#8C8C8C
3625	#949494
3626	#999999
3627	#9C9C9C
3628	#9A9A9A
3629	#898989
3630	#8A8A8A
3631	#8F8F8F
3632	#949494
3633	#ACACAC
3634	#BDBDBD
3635	#BABABA
3636	#B1B1B1
3637	#B2B2B2
3638	#ABABAB
3639	#A2A2A2
3640	#A5A5A5
3641	#AFAFAF
3642	#BCBCBC
3643	#C0C0C0
3644	#C5C5C5
3645	#C4C4C4
3646	#BABABA
3647	#ACACAC
3648	#A4A4A4
3649	#ABABAB
3650	#B6B6B6
3651	#BEBEBE
3652	#C2C2C2
3653	#C3C3C3
3654	#BEBEBE
3655	#BDBDBD
3656	#B7B7B7
3657	#AFAFAF
3658	#A5A5A5
3659	#9B9B9B
3660	#999999
3661	#A5A5A5
3662	#ABABAB
3663	#BEBEBE
3664	#BFBFBF
3665	#ABABAB
3666	#9E9E9E
3667	#9B9B9B
3668	#969696
3669	#999999
3670	#9F9F9F
3671	#A3A3A3
3672	#A1A1A1
3673	#A1A1A1
3674	#A0A0A0
3675	#A9A9A9
3676	#AEAEAE
3677	#B1B1B1
3678	#A6A6A6
3679	#8D8D8D
3680	#888888
3681	#898989
3682	#898989
3683	#858585
3684	#7C7C7C
3685	#727272
3686	#676767
3687	#616161
3688	#565656
3689	#4B4B4B
3690	#3B3B3B
3691	#303030
3692	#242424
3693	#191919
3694	#0E0E0E
3695	#090909
3696	#050505
3697	#000000
3698	#333333
3699	#FEFEFE
3700	#FFFFFF
3701	#FFFFFF
3702	#FFFFFF
3703	#696969
3704	#1C1C1C
3705	#373737
3706	#4D4D4D
3707	#545454
3708	#8B8B8B
3709	#C6C6C6
3710	#A6A6A6
3711	#BFBFBF
3712	#959595
3713	#9C9C9C
3714	#9F9F9F
3715	#A3A3A3
3716	#A9A9A9
3717	#ABABAB
3718	#A7A7A7
3719	#A3A3A3
3720	#9C9C9C
3721	#939393
3722	#8E8E8E
3723	#909090
3724	#989898
3725	#9A9A9A
3726	#9D9D9D
3727	#8F8F8F
3728	#888888
3729	#8D8D8D
3730	#919191
3731	#A1A1A1
3732	#BABABA
3733	#BDBDBD
3734	#B3B3B3
3735	#B1B1B1
3736	#AFAFAF
3737	#A4A4A4
3738	#A4A4A4
3739	#ABABAB
3740	#B9B9B9
3741	#BFBFBF
3742	#C4C4C4
3743	#C5C5C5
3744	#C0C0C0
3745	#B1B1B1
3746	#A6A6A6
3747	#A6A6A6
3748	#B3B3B3
3749	#BBBBBB
3750	#C1C1C1
3751	#C3C3C3
3752	#C0C0C0
3753	#BEBEBE
3754	#B9B9B9
3755	#B2B2B2
3756	#A7A7A7
3757	#A0A0A0
3758	#969696
3759	#A1A1A1
3760	#A9A9A9
3761	#B6B6B6
3762	#C3C3C3
3763	#B4B4B4
3764	#A0A0A0
3765	#9D9D9D
3766	#989898
3767	#979797
3768	#9D9D9D
3769	#A2A2A2
3770	#A2A2A2
3771	#A1A1A1
3772	#A0A0A0
3773	#A5A5A5
3774	#AEAEAE
3775	#AFAFAF
3776	#AEAEAE
3777	#949495
3778	#89898B
3779	#888889
3780	#8A8A88
3781	#868687
3782	#808082
3783	#767676
3784	#6A6A6A
3785	#646464
3786	#5A5A5A
3787	#505050
3788	#424242
3789	#343434
3790	#282828
3791	#1D1D1D
3792	#111111
3793	#0A0A0A
3794	#070707
3795	#030303
3796	#000000
3797	#A7A7A7
3798	#FFFFFF
3799	#FFFFFF
3800	#FFFFFF
3801	#FFFFFF
3802	#FFFFFF
3803	#FFFFFF
3804	#E9E9E9
3805	#282828
3806	#242424
3807	#3C3C3C
3808	#4E4E4E
3809	#575757
3810	#B5B5B5
3811	#CFCFCF
3812	#D0D0D0
3813	#898989
3814	#989898
3815	#9F9F9F
3816	#9F9F9F
3817	#A1A1A1
3818	#A9A9A9
3819	#A9A9A9
3820	#A4A4A4
3821	#ABABAB
3822	#A8A8A8
3823	#9E9E9E
3824	#9B9B9B
3825	#999999
3826	#9F9F9F
3827	#9E9E9E
3828	#969696
3829	#909090
3830	#8F8F8F
3831	#909090
3832	#A1A1A1
3833	#B7B7B7
3834	#C1C1C1
3835	#A8A8A8
3836	#8D8D8D
3837	#949494
3838	#A7A7A7
3839	#9F9F9F
3840	#9F9F9F
3841	#A4A4A4
3842	#B0B0B0
3843	#BABABA
3844	#C2C2C2
3845	#C1C1C1
3846	#BFBFBF
3847	#B8B8B8
3848	#B4B4B4
3849	#B7B7B7
3850	#BFBFBF
3851	#C0C0C0
3852	#BEBEBE
3853	#C2C2C2
3854	#BABABA
3855	#B0B0B0
3856	#ABABAB
3857	#A3A3A3
3858	#9A9A9A
3859	#8B8B8B
3860	#858585
3861	#8B8B8B
3862	#A2A2A2
3863	#BFBFBF
3864	#C2C2C2
3865	#B8B8B8
3866	#A5A5A5
3867	#9F9F9F
3868	#9F9F9F
3869	#9D9D9D
3870	#A0A0A0
3871	#A5A5A5
3872	#A4A4A4
3873	#A2A2A2
3874	#A4A4A4
3875	#AFAFAF
3876	#B2B2B2
3877	#B3B3B3
3878	#A5A5A5
3879	#969696
3880	#8A8A8A
3881	#888888
3882	#878787
3883	#838383
3884	#7A7A7A
3885	#6C6C6C
3886	#626262
3887	#5C5C5C
3888	#515151
3889	#434343
3890	#363636
3891	#2C2C2C
3892	#1D1D1D
3893	#101010
3894	#0A0A0A
3895	#070707
3896	#040404
3897	#000000
3898	#323232
3899	#FFFFFF
3900	#FFFFFF
3901	#FFFFFF
3902	#FFFFFF
3903	#676767
3904	#191919
3905	#333333
3906	#484848
3907	#535353
3908	#888888
3909	#D5D5D5
3910	#D4D4D4
3911	#9E9E9E
3912	#8F8F8F
3913	#9D9D9D
3914	#9F9F9F
3915	#A0A0A0
3916	#A6A6A6
3917	#ABABAB
3918	#A4A4A4
3919	#A7A7A7
3920	#ABABAB
3921	#A0A0A0
3922	#9C9C9C
3923	#999999
3924	#9D9D9D
3925	#9F9F9F
3926	#999999
3927	#919191
3928	#909090
3929	#8F8F8F
3930	#999999
3931	#B0B0B0
3932	#BFBFBF
3933	#B5B5B5
3934	#949494
3935	#8D8D8D
3936	#A4A4A4
3937	#A2A2A2
3938	#9E9E9E
3939	#A1A1A1
3940	#ABABAB
3941	#B7B7B7
3942	#C0C0C0
3943	#C2C2C2
3944	#C1C1C1
3945	#BBBBBB
3946	#B5B5B5
3947	#B5B5B5
3948	#BDBDBD
3949	#C0C0C0
3950	#BEBEBE
3951	#C1C1C1
3952	#BEBEBE
3953	#B3B3B3
3954	#ACACAC
3955	#A8A8A8
3956	#9C9C9C
3957	#919191
3958	#848484
3959	#888888
3960	#979797
3961	#B7B7B7
3962	#C3C3C3
3963	#BEBEBE
3964	#ABABAB
3965	#A0A0A0
3966	#9F9F9F
3967	#9E9E9E
3968	#9E9E9E
3969	#A4A4A4
3970	#A4A4A4
3971	#A3A3A3
3972	#A1A1A1
3973	#ABABAB
3974	#B1B1B1
3975	#B4B4B4
3976	#ACACAC
3977	#9B9B98
3978	#8E8E7B
3979	#888866
3980	#88885A
3981	#858565
3982	#7D7D6C
3983	#727271
3984	#646464
3985	#5F5F5F
3986	#555555
3987	#494949
3988	#3A3A3A
3989	#303030
3990	#232323
3991	#141414
3992	#0B0B0B
3993	#080808
3994	#050505
3995	#010101
3996	#000000
3997	#A7A7A7
3998	#FFFFFF
3999	#FFFFFF
4000	#FFFFFF
4001	#FFFFFF
4002	#FFFFFF
4003	#FFFFFF
4004	#E9E9E9
4005	#262626
4006	#202020
4007	#363636
4008	#474747
4009	#545454
4010	#B1B1B1
4011	#818181
4012	#A9A9A9
4013	#A8A8A8
4014	#8D8D8D
4015	#9D9D9D
4016	#9E9E9E
4017	#9E9E9E
4018	#9B9B9B
4019	#A4A4A4
4020	#AEAEAE
4021	#B1B1B1
4022	#B0B0B0
4023	#A4A4A4
4024	#A1A1A1
4025	#A2A2A2
4026	#A0A0A0
4027	#9C9C9C
4028	#959595
4029	#969696
4030	#969696
4031	#9A9A9A
4032	#ADADAD
4033	#BEBEBE
4034	#BBBBBB
4035	#939393
4036	#848484
4037	#818181
4038	#969696
4039	#A1A1A1
4040	#A0A0A0
4041	#A5A5A5
4042	#AAAAAA
4043	#B5B5B5
4044	#C2C2C2
4045	#C0C0C0
4046	#BFBFBF
4047	#B8B8B8
4048	#B5B5B5
4049	#B8B8B8
4050	#C0C0C0
4051	#BFBFBF
4052	#C1C1C1
4053	#C0C0C0
4054	#B1B1B1
4055	#ACACAC
4056	#A6A6A6
4057	#9B9B9B
4058	#949494
4059	#858585
4060	#818181
4061	#848484
4062	#9D9D9D
4063	#B4B4B4
4064	#BEBEBE
4065	#BFBFBF
4066	#B0B0B0
4067	#A3A3A3
4068	#A3A3A3
4069	#A3A3A3
4070	#A1A1A1
4071	#A7A7A7
4072	#A5A5A5
4073	#A3A3A3
4074	#ABABAB
4075	#B3B3B3
4076	#B8B8B8
4077	#ACACAC
4078	#9F9F9F
4079	#9E9E9E
4080	#919191
4081	#898989
4082	#868686
4083	#7E7E7E
4084	#777777
4085	#666666
4086	#5D5D5D
4087	#555555
4088	#484848
4089	#3A3A3A
4090	#313131
4091	#262626
4092	#141414
4093	#0A0A0A
4094	#070707
4095	#040404
4096	#010101
4097	#000000
4098	#333333
4099	#FFFFFF
4100	#FFFFFF
4101	#FFFFFF
4102	#FFFFFF
4103	#666666
4104	#141414
4105	#2E2E2E
4106	#414141
4107	#4D4D4D
4108	#898989
4109	#A8A8A8
4110	#828282
4111	#C0C0C0
4112	#898989
4113	#9A9A9A
4114	#9E9E9E
4115	#9F9F9F
4116	#9C9C9C
4117	#9F9F9F
4118	#ACACAC
4119	#B0B0B0
4120	#B1B1B1
4121	#A8A8A8
4122	#A0A0A0
4123	#A2A2A2
4124	#A0A0A0
4125	#9F9F9F
4126	#969696
4127	#969696
4128	#979797
4129	#979797
4130	#A6A6A6
4131	#B8B8B8
4132	#C1C1C1
4133	#A2A2A2
4134	#868686
4135	#808080
4136	#8C8C8C
4137	#A1A1A1
4138	#9F9F9F
4139	#A3A3A3
4140	#A8A8A8
4141	#AFAFAF
4142	#BEBEBE
4143	#C1C1C1
4144	#BFBFBF
4145	#BBBBBB
4146	#B5B5B5
4147	#B6B6B6
4148	#BEBEBE
4149	#C0C0C0
4150	#C0C0C0
4151	#C2C2C2
4152	#B7B7B7
4153	#ADADAD
4154	#AAAAAA
4155	#9E9E9E
4156	#979797
4157	#8B8B8B
4158	#818181
4159	#818181
4160	#909090
4161	#AEAEAE
4162	#BABABA
4163	#C1C1C1
4164	#B6B6B6
4165	#A7A7A7
4166	#A2A2A2
4167	#A3A3A3
4168	#A0A0A0
4169	#A5A5A5
4170	#A6A6A6
4171	#A3A3A3
4172	#A7A7A7
4173	#B1B1B1
4174	#B6B6B6
4175	#B3B3B4
4176	#A1A19F
4177	#9F9F79
4178	#97975F
4179	#8A8A50
4180	#88884D
4181	#818147
4182	#7A7A42
4183	#6C6C4B
4184	#5F5F5F
4185	#595959
4186	#4E4E4E
4187	#3F3F3F
4188	#343434
4189	#2B2B2B
4190	#1A1A1A
4191	#0C0C0C
4192	#080808
4193	#050505
4194	#020202
4195	#000000
4196	#000000
4197	#A8A8A8
4198	#FFFFFF
4199	#FFFFFF
4200	#FFFFFF
4201	#FFFFFF
4202	#FFFFFF
4203	#FFFFFF
4204	#E9E9E9
4205	#222222
4206	#1A1A1A
4207	#303030
4208	#414141
4209	#4D4D4D
4210	#B2B2B2
4211	#858585
4212	#777777
4213	#C8C8C8
4214	#8C8C8C
4215	#8D8D8D
4216	#949494
4217	#929292
4218	#909090
4219	#9C9C9C
4220	#B4B4B4
4221	#B6B6B6
4222	#B4B4B4
4223	#ACACAC
4224	#A3A3A3
4225	#A5A5A5
4226	#A4A4A4
4227	#9F9F9F
4228	#989898
4229	#999999
4230	#9A9A9A
4231	#A7A7A7
4232	#B4B4B4
4233	#BDBDBD
4234	#B5B5B5
4235	#939393
4236	#828282
4237	#7B7B7B
4238	#888888
4239	#A0A0A0
4240	#9F9F9F
4241	#A4A4A4
4242	#A6A6A6
4243	#B1B1B1
4244	#C2C2C2
4245	#C2C2C2
4246	#C0C0C0
4247	#B7B7B7
4248	#B6B6B6
4249	#BABABA
4250	#C1C1C1
4251	#C1C1C1
4252	#C5C5C5
4253	#BFBFBF
4254	#ADADAD
4255	#ABABAB
4256	#9F9F9F
4257	#939393
4258	#898989
4259	#7B7B7B
4260	#7B7B7B
4261	#8B8B8B
4262	#A4A4A4
4263	#AAAAAA
4264	#ADADAD
4265	#BDBDBD
4266	#B8B8B8
4267	#ADADAD
4268	#A4A4A4
4269	#A5A5A5
4270	#A1A1A1
4271	#A5A5A5
4272	#A8A8A8
4273	#A7A7A7
4274	#B2B2B2
4275	#BBBBBB
4276	#BCBCBC
4277	#A5A5A5
4278	#9F9F9F
4279	#9F9F9F
4280	#9A9A9A
4281	#8C8C8C
4282	#868686
4283	#7D7D7D
4284	#6F6F6F
4285	#5B5B5B
4286	#555555
4287	#4D4D4D
4288	#3E3E3E
4289	#353535
4290	#2B2B2B
4291	#1D1D1D
4292	#0F0F0F
4293	#070707
4294	#040404
4295	#010101
4296	#000000
4297	#000000
4298	#353535
4299	#FFFFFF
4300	#FFFFFF
4301	#FFFFFF
4302	#FFFFFF
4303	#646464
4304	#0F0F0F
4305	#282828
4306	#3C3C3C
4307	#454545
4308	#868686
4309	#AFAFAF
4310	#626262
4311	#B8B8B8
4312	#A5A5A5
4313	#878787
4314	#949494
4315	#939393
4316	#919191
4317	#959595
4318	#ACACAC
4319	#B7B7B7
4320	#B4B4B4
4321	#B1B1B1
4322	#A5A5A5
4323	#A4A4A4
4324	#A5A5A5
4325	#A1A1A1
4326	#999999
4327	#999999
4328	#999999
4329	#A1A1A1
4330	#B0B0B0
4331	#BCBCBC
4332	#BABABA
4333	#A2A2A2
4334	#848484
4335	#7E7E7E
4336	#7E7E7E
4337	#9B9B9B
4338	#9F9F9F
4339	#A2A2A2
4340	#A5A5A5
4341	#ABABAB
4342	#BEBEBE
4343	#C2C2C2
4344	#C1C1C1
4345	#BBBBBB
4346	#B5B5B5
4347	#B8B8B8
4348	#BFBFBF
4349	#C2C2C2
4350	#C3C3C3
4351	#C4C4C4
4352	#B2B2B2
4353	#ABABAB
4354	#A5A5A5
4355	#979797
4356	#8D8D8D
4357	#808080
4358	#797979
4359	#828282
4360	#9C9C9C
4361	#AAAAAA
4362	#AAAAAA
4363	#B8B8B8
4364	#BBBBBB
4365	#B1B1B1
4366	#A6A6A6
4367	#A5A5A5
4368	#A2A2A2
4369	#A2A2A2
4370	#A8A8A8
4371	#A6A6A6
4372	#AEAEAE
4373	#B8B8B8
4374	#BFBFBF
4375	#AEAEAF
4376	#A0A097
4377	#9F9F6D
4378	#9D9D63
4379	#919155
4380	#87874B
4381	#818145
4382	#75753A
4383	#616133
4384	#565652
4385	#515151
4386	#434343
4387	#383838
4388	#2F2F2F
4389	#222222
4390	#141414
4391	#090909
4392	#050505
4393	#020202
4394	#000000
4395	#000000
4396	#000000
4397	#AAAAAA
4398	#FFFFFF
4399	#FFFFFF
4400	#FFFFFF
4401	#FFFFFF
4402	#FFFFFF
4403	#FFFFFF
4404	#E9E9E9
4405	#1B1B1B
4406	#141414
4407	#2B2B2B
4408	#3C3C3C
4409	#464646
4410	#959595
4411	#7A7A7A
4412	#636363
4413	#A1A1A1
4414	#999999
4415	#838383
4416	#8B8B8B
4417	#8E8E8E
4418	#939393
4419	#9E9E9E
4420	#AAAAAA
4421	#BABABA
4422	#B8B8B8
4423	#B5B5B5
4424	#A8A8A8
4425	#A6A6A6
4426	#A7A7A7
4427	#A0A0A0
4428	#9B9B9B
4429	#9B9B9B
4430	#A2A2A2
4431	#B3B3B3
4432	#B8B8B8
4433	#B4B4B4
4434	#B2B2B2
4435	#989898
4436	#838383
4437	#898989
4438	#909090
4439	#A4A4A4
4440	#A8A8A8
4441	#AAAAAA
4442	#A4A4A4
4443	#ADADAD
4444	#C0C0C0
4445	#C2C2C2
4446	#C1C1C1
4447	#BBBBBB
4448	#BABABA
4449	#BEBEBE
4450	#C2C2C2
4451	#C4C4C4
4452	#C6C6C6
4453	#BBBBBB
4454	#ABABAB
4455	#ADADAD
4456	#A2A2A2
4457	#979797
4458	#8B8B8B
4459	#7D7D7D
4460	#777777
4461	#868686
4462	#9A9A9A
4463	#A0A0A0
4464	#A5A5A5
4465	#AEAEAE
4466	#BBBBBB
4467	#B7B7B7
4468	#ABABAB
4469	#A6A6A6
4470	#A3A3A3
4471	#A5A5A5
4472	#AAAAAA
4473	#ADADAD
4474	#B9B9B9
4475	#BFBFBF
4476	#BBBBBB
4477	#A5A5A5
4478	#A1A1A1
4479	#9F9F9F
4480	#9E9E9E
4481	#909090
4482	#828282
4483	#757575
4484	#5F5F5F
4485	#505050
4486	#4C4C4C
4487	#424242
4488	#373737
4489	#2F2F2F
4490	#232323
4491	#181818
4492	#0A0A0A
4493	#040404
4494	#010101
4495	#000000
4496	#000000
4497	#000000
4498	#323232
4499	#FFFFFF
4500	#FFFFFF
4501	#FFFFFF
4502	#FFFFFF
4503	#5F5F5F
4504	#090909
4505	#222222
4506	#373737
4507	#404040
4508	#737373
4509	#969696
4510	#606060
4511	#848484
4512	#ACACAC
4513	#818181
4514	#8A8A8A
4515	#8D8D8D
4516	#909090
4517	#9A9A9A
4518	#A4A4A4
4519	#B6B6B6
4520	#B9B9B9
4521	#B8B8B8
4522	#ADADAD
4523	#A5A5A5
4524	#A7A7A7
4525	#A3A3A3
4526	#9C9C9C
4527	#9C9C9C
4528	#9D9D9D
4529	#ADADAD
4530	#B7B7B7
4531	#B6B6B6
4532	#B3B3B3
4533	#A6A6A6
4534	#858585
4535	#878787
4536	#8C8C8C
4537	#9D9D9D
4538	#A8A8A8
4539	#AAAAAA
4540	#A6A6A6
4541	#A7A7A7
4542	#BABABA
4543	#C3C3C3
4544	#C2C2C2
4545	#BEBEBE
4546	#BABABA
4547	#BDBDBD
4548	#C1C1C1
4549	#C3C3C3
4550	#C6C6C6
4551	#C2C2C2
4552	#AFAFAF
4553	#ACACAC
4554	#A7A7A7
4555	#9A9A9A
4556	#909090
4557	#838383
4558	#767676
4559	#7F7F7F
4560	#949494
4561	#9F9F9F
4562	#A3A3A3
4563	#A9A9A9
4564	#B8B8B8
4565	#BABABA
4566	#B0B0B0
4567	#A7A7A7
4568	#A4A4A4
4569	#A3A3A3
4570	#A9A9A9
4571	#AAAAAA
4572	#B5B5B5
4573	#BDBDBD
4574	#C0C0C0
4575	#ACACAC
4576	#A1A1A1
4577	#A0A088
4578	#9F9F78
4579	#97976A
4580	#868650
4581	#7B7B50
4582	#686842
4583	#545440
4584	#4E4E4F
4585	#464647
4586	#3A3A3A
4587	#323232
4588	#272727
4589	#1C1C1C
4590	#0F0F0F
4591	#050505
4592	#020202
4593	#000000
4594	#000000
4595	#000000
4596	#000000
4597	#A7A7A7
4598	#FFFFFF
4599	#FFFFFF
4600	#FFFFFF
4601	#FFFFFF
4602	#FFFFFF
4603	#FFFFFF
4604	#E9E9E9
4605	#171717
4606	#0E0E0E
4607	#242424
4608	#363636
4609	#424242
4610	#505050
4611	#5C5C5C
4612	#636363
4613	#6D6D6D
4614	#7A7A7A
4615	#828282
4616	#8B8B8B
4617	#8E8E8E
4618	#999999
4619	#A2A2A2
4620	#A2A2A2
4621	#B5B5B5
4622	#C1C1C1
4623	#BEBEBE
4624	#B1B1B1
4625	#A7A7A7
4626	#A7A7A7
4627	#9E9E9E
4628	#9D9D9D
4629	#9E9E9E
4630	#ACACAC
4631	#B6B6B6
4632	#AFAFAF
4633	#AFAFAF
4634	#ACACAC
4635	#A1A1A1
4636	#929292
4637	#8B8B8B
4638	#8D8D8D
4639	#A0A0A0
4640	#B0B0B0
4641	#B6B6B6
4642	#AEAEAE
4643	#ACACAC
4644	#BBBBBB
4645	#C0C0C0
4646	#BFBFBF
4647	#BDBDBD
4648	#BEBEBE
4649	#C0C0C0
4650	#C3C3C3
4651	#C3C3C3
4652	#C4C4C4
4653	#BCBCBC
4654	#B3B3B3
4655	#B5B5B5
4656	#AEAEAE
4657	#A4A4A4
4658	#959595
4659	#909090
4660	#888888
4661	#828282
4662	#8D8D8D
4663	#979797
4664	#9D9D9D
4665	#A3A3A3
4666	#A9A9A9
4667	#BBBBBB
4668	#B7B7B7
4669	#AAAAAA
4670	#A5A5A5
4671	#A7A7A7
4672	#AEAEAE
4673	#B4B4B4
4674	#BBBBBB
4675	#BBBBBB
4676	#B6B6B6
4677	#A7A7A7
4678	#A2A2A2
4679	#9F9F9F
4680	#9D9D9D
4681	#8E8E8E
4682	#7F7F7F
4683	#6B6B6B
4684	#525252
4685	#4A4A4A
4686	#424242
4687	#383838
4688	#303030
4689	#282828
4690	#1F1F1F
4691	#131313
4692	#060606
4693	#020202
4694	#000000
4695	#000000
4696	#000000
4697	#000000
4698	#323232
4699	#FFFFFF
4700	#FFFFFF
4701	#FFFFFF
4702	#FFFFFF
4703	#5D5D5D
4704	#020202
4705	#1C1C1C
4706	#313131
4707	#3E3E3E
4708	#4B4B4B
4709	#595959
4710	#606060
4711	#696969
4712	#767676
4713	#7F7F7F
4714	#888888
4715	#8D8D8D
4716	#949494
4717	#A0A0A0
4718	#A2A2A2
4719	#ACACAC
4720	#C0C0C0
4721	#C0C0C0
4722	#B7B7B7
4723	#A8A8A8
4724	#A7A7A7
4725	#A1A1A1
4726	#9D9D9D
4727	#9D9D9D
4728	#A6A6A6
4729	#B5B5B5
4730	#B3B3B3
4731	#AEAEAE
4732	#AEAEAE
4733	#A7A7A7
4734	#969696
4735	#8E8E8E
4736	#8A8A8A
4737	#989898
4738	#ABABAB
4739	#B5B5B5
4740	#B2B2B2
4741	#AAAAAA
4742	#B4B4B4
4743	#C0C0C0
4744	#BFBFBF
4745	#BEBEBE
4746	#BDBDBD
4747	#BFBFBF
4748	#C2C2C2
4749	#C2C2C2
4750	#C5C5C5
4751	#C0C0C0
4752	#B6B6B6
4753	#B4B4B4
4754	#B2B2B2
4755	#A8A8A8
4756	#9A9A9A
4757	#929292
4758	#8C8C8C
4759	#838383
4760	#878787
4761	#959595
4762	#9A9A9A
4763	#A3A3A3
4764	#A3A3A3
4765	#B7B7B7
4766	#BABABA
4767	#AFAFAF
4768	#A6A6A6
4769	#A5A5A5
4770	#ACACAC
4771	#B1B1B1
4772	#BABABA
4773	#BABABA
4774	#BABABA
4775	#ACACAC
4776	#A3A3A4
4777	#A0A0A1
4778	#9E9FA0
4779	#959693
4780	#84857B
4781	#747472
4782	#59595B
4783	#4C4C4D
4784	#454545
4785	#3B3B3B
4786	#333333
4787	#2B2B2B
4788	#222222
4789	#181818
4790	#0A0A0A
4791	#030303
4792	#000000
4793	#000000
4794	#000000
4795	#000000
4796	#000000
4797	#A7A7A7
4798	#FFFFFF
4799	#FFFFFF
4800	#FFFFFF
4801	#FFFFFF
4802	#FFFFFF
4803	#FFFFFF
4804	#E9E9E9
4805	#151515
4806	#090909
4807	#1C1C1C
4808	#313131
4809	#3D3D3D
4810	#464646
4811	#545454
4812	#5B5B5B
4813	#676767
4814	#797979
4815	#818181
4816	#8A8A8A
4817	#919191
4818	#9E9E9E
4819	#A3A3A3
4820	#A3A3A3
4821	#AEAEAE
4822	#C1C1C1
4823	#BEBEBE
4824	#B9B9B9
4825	#ACACAC
4826	#A7A7A7
4827	#A0A0A0
4828	#A0A0A0
4829	#A6A6A6
4830	#B6B6B6
4831	#AEAEAE
4832	#A3A3A3
4833	#A9A9A9
4834	#AAAAAA
4835	#ACACAC
4836	#999999
4837	#8F8F8F
4838	#949494
4839	#9F9F9F
4840	#AFAFAF
4841	#B9B9B9
4842	#B9B9B9
4843	#B3B3B3
4844	#BCBCBC
4845	#C0C0C0
4846	#B8B8B8
4847	#B8B8B8
4848	#BABABA
4849	#BBBBBB
4850	#BCBCBC
4851	#C3C3C3
4852	#C6C6C6
4853	#BEBEBE
4854	#BCBCBC
4855	#BABABA
4856	#B0B0B0
4857	#A3A3A3
4858	#949494
4859	#8E8E8E
4860	#939393
4861	#8F8F8F
4862	#8C8C8C
4863	#8E8E8E
4864	#959595
4865	#9B9B9B
4866	#969696
4867	#AFAFAF
4868	#BEBEBE
4869	#B4B4B4
4870	#A7A7A7
4871	#AAAAAA
4872	#B2B2B2
4873	#BABABA
4874	#B8B8B8
4875	#B9B9B9
4876	#B2B2B2
4877	#A5A5A5
4878	#A1A1A1
4879	#9F9F9F
4880	#9D9D9D
4881	#8B8B8B
4882	#7A7A7A
4883	#626262
4884	#494949
4885	#424242
4886	#363636
4887	#303030
4888	#2C2C2C
4889	#242424
4890	#1B1B1B
4891	#0E0E0E
4892	#040404
4893	#000000
4894	#000000
4895	#000000
4896	#000000
4897	#000000
4898	#323232
4899	#FFFFFF
4900	#FFFFFF
4901	#FFFFFF
4902	#FFFFFF
4903	#5C5C5C
4904	#000000
4905	#151515
4906	#2B2B2B
4907	#383838
4908	#434343
4909	#4F4F4F
4910	#5A5A5A
4911	#616161
4912	#737373
4913	#7E7E7E
4914	#868686
4915	#8D8D8D
4916	#9A9A9A
4917	#A2A2A2
4918	#A3A3A3
4919	#A7A7A7
4920	#BDBDBD
4921	#BFBFBF
4922	#BCBCBC
4923	#B0B0B0
4924	#A9A9A9
4925	#A2A2A2
4926	#A0A0A0
4927	#A1A1A1
4928	#B1B1B1
4929	#B5B5B5
4930	#A3A3A3
4931	#A8A8A8
4932	#A9A9A9
4933	#ADADAD
4934	#A2A2A2
4935	#909090
4936	#919191
4937	#9B9B9B
4938	#A8A8A8
4939	#B6B6B6
4940	#BBBBBB
4941	#B4B4B4
4942	#B7B7B7
4943	#C2C2C2
4944	#BABABA
4945	#B7B7B7
4946	#B9B9B9
4947	#BBBBBB
4948	#BCBCBC
4949	#C0C0C0
4950	#C7C7C7
4951	#C1C1C1
4952	#BDBDBD
4953	#BBBBBB
4954	#B4B4B4
4955	#A8A8A8
4956	#999999
4957	#8F8F8F
4958	#919191
4959	#929292
4960	#8C8C8C
4961	#8D8D8D
4962	#929292
4963	#9B9B9B
4964	#959595
4965	#A3A3A3
4966	#BDBDBD
4967	#BABABA
4968	#AAAAAA
4969	#A7A7A7
4970	#AFAFAF
4971	#B8B8B8
4972	#B9B9B9
4973	#B8B8B8
4974	#B6B6B6
4975	#A9ABA9
4976	#A2A7A2
4977	#A0A9A0
4978	#9FAB9F
4979	#93A394
4980	#809181
4981	#6D7C6E
4982	#4E5B4E
4983	#464E46
4984	#3A3F3A
4985	#313331
4986	#2E2E2E
4987	#272727
4988	#1E1E1E
4989	#131313
4990	#070707
4991	#010101
4992	#000000
4993	#000000
4994	#000000
4995	#000000
4996	#000000
4997	#A7A7A7
4998	#FFFFFF
4999	#FFFFFF
5000	#FFFFFF
5001	#FFFFFF
5002	#FFFFFF
5003	#FFFFFF
5004	#E9E9E9
5005	#131313
5006	#050505
5007	#171717
5008	#2A2A2A
5009	#383838
5010	#414141
5011	#4C4C4C
5012	#575757
5013	#5C5C5C
5014	#6F6F6F
5015	#7E7E7E
5016	#888888
5017	#949494
5018	#A1A1A1
5019	#A4A4A4
5020	#A6A6A6
5021	#ACACAC
5022	#BBBBBB
5023	#BBBBBB
5024	#BCBCBC
5025	#B6B6B6
5026	#ABABAB
5027	#A2A2A2
5028	#A2A2A2
5029	#AFAFAF
5030	#B8B8B8
5031	#9F9F9F
5032	#9D9D9D
5033	#ABABAB
5034	#AEAEAE
5035	#A9A9A9
5036	#9D9D9D
5037	#8B8B8B
5038	#838383
5039	#888888
5040	#9A9A9A
5041	#AAAAAA
5042	#B6B6B6
5043	#B4B4B4
5044	#BDBDBD
5045	#C6C6C6
5046	#B8B8B8
5047	#AFAFAF
5048	#B1B1B1
5049	#B5B5B5
5050	#BDBDBD
5051	#C6C6C6
5052	#C7C7C7
5053	#BDBDBD
5054	#BCBCBC
5055	#B9B9B9
5056	#A3A3A3
5057	#969696
5058	#939393
5059	#929292
5060	#949494
5061	#929292
5062	#8D8D8D
5063	#898989
5064	#898989
5065	#8D8D8D
5066	#929292
5067	#9C9C9C
5068	#B7B7B7
5069	#BFBFBF
5070	#B2B2B2
5071	#AFAFAF
5072	#B8B8B8
5073	#BBBBBB
5074	#B6B6B6
5075	#B5B5B5
5076	#AFAFAF
5077	#A8A8A8
5078	#A3A3A3
5079	#9F9F9F
5080	#9C9C9C
5081	#898989
5082	#777777
5083	#545454
5084	#444444
5085	#393939
5086	#2E2E2E
5087	#2B2B2B
5088	#282828
5089	#212121
5090	#161616
5091	#0A0A0A
5092	#030303
5093	#000000
5094	#000000
5095	#000000
5096	#000000
5097	#000000
5098	#323232
5099	#FFFFFF
5100	#FFFFFF
5101	#FFFFFF
5102	#FFFFFF
5103	#5B5B5B
5104	#000000
5105	#101010
5106	#232323
5107	#333333
5108	#3E3E3E
5109	#474747
5110	#545454
5111	#595959
5112	#676767
5113	#7A7A7A
5114	#848484
5115	#8F8F8F
5116	#9E9E9E
5117	#A3A3A3
5118	#A5A5A5
5119	#A8A8A8
5120	#B7B7B7
5121	#BBBBBB
5122	#BCBCBC
5123	#BABABA
5124	#AFAFAF
5125	#A5A5A5
5126	#A1A1A1
5127	#A9A9A9
5128	#B8B8B8
5129	#A9A9A9
5130	#999999
5131	#A7A7A7
5132	#AEAEAE
5133	#ACACAC
5134	#A2A2A2
5135	#929292
5136	#848484
5137	#848484
5138	#939393
5139	#A3A3A3
5140	#B4B4B4
5141	#B4B4B4
5142	#B8B8B8
5143	#C5C5C5
5144	#BEBEBE
5145	#B1B1B1
5146	#B0B0B0
5147	#B3B3B3
5148	#BABABA
5149	#C3C3C3
5150	#C8C8C8
5151	#C0C0C0
5152	#BBBBBB
5153	#BDBDBD
5154	#ACACAC
5155	#989898
5156	#939393
5157	#919191
5158	#949494
5159	#949494
5160	#8E8E8E
5161	#8B8B8B
5162	#888888
5163	#8C8C8C
5164	#909090
5165	#979797
5166	#ACACAC
5167	#C0C0C0
5168	#B7B7B7
5169	#AEAEAE
5170	#B5B5B5
5171	#BBBBBC
5172	#B7B7B8
5173	#B5B5B5
5174	#B2B3B2
5175	#AAB3AA
5176	#A5B7A5
5177	#A1BCA1
5178	#9FC29F
5179	#91BB91
5180	#7EAA7E
5181	#628B62
5182	#466946
5183	#3E593E
5184	#314231
5185	#2B332B
5186	#2A2B2A
5187	#242424
5188	#1A1A1A
5189	#0E0E0D
5190	#050505
5191	#010101
5192	#000000
5193	#000000
5194	#000000
5195	#000000
5196	#000000
5197	#A7A7A7
5198	#FFFFFF
5199	#FFFFFF
5200	#FFFFFF
5201	#FFFFFF
5202	#FFFFFF
5203	#FFFFFF
5204	#EAEAEA
5205	#161616
5206	#010101
5207	#121212
5208	#242424
5209	#313131
5210	#3C3C3C
5211	#444444
5212	#505050
5213	#565656
5214	#676767
5215	#797979
5216	#828282
5217	#919191
5218	#A2A2A2
5219	#A5A5A5
5220	#A8A8A8
5221	#AAAAAA
5222	#B5B5B5
5223	#B9B9B9
5224	#B9B9B9
5225	#BABABA
5226	#B4B4B4
5227	#A6A6A6
5228	#A6A6A6
5229	#B8B8B8
5230	#ADADAD
5231	#959595
5232	#A1A1A1
5233	#B2B2B2
5234	#AFAFAF
5235	#A3A3A3
5236	#878787
5237	#747474
5238	#737373
5239	#777777
5240	#909090
5241	#9D9D9D
5242	#ADADAD
5243	#B4B4B4
5244	#C1C1C1
5245	#C5C5C5
5246	#C2C2C2
5247	#BBBBBB
5248	#BABABA
5249	#BFBFBF
5250	#C6C6C6
5251	#C7C7C7
5252	#C9C9C9
5253	#C0C0C0
5254	#BBBBBB
5255	#B1B1B1
5256	#9A9A9A
5257	#818181
5258	#727272
5259	#727272
5260	#767676
5261	#8B8B8B
5262	#8F8F8F
5263	#8B8B8B
5264	#8D8D8D
5265	#8F8F8F
5266	#909090
5267	#969696
5268	#A4A4A4
5269	#C0C0C0
5270	#BDBDBD
5271	#B7B7B7
5272	#BABABA
5273	#B4B4B4
5274	#B5B5B5
5275	#B3B3B3
5276	#AFAFAF
5277	#A9A9A9
5278	#A6A6A6
5279	#A0A0A0
5280	#9A9A9A
5281	#878787
5282	#6E6E6E
5283	#464646
5284	#3C3C3C
5285	#2F2F2F
5286	#282828
5287	#282828
5288	#262626
5289	#1D1D1D
5290	#111111
5291	#060606
5292	#010101
5293	#000000
5294	#000000
5295	#000000
5296	#000000
5297	#000000
5298	#373737
5299	#FFFFFF
5300	#FFFFFF
5301	#FFFFFF
5302	#FFFFFF
5303	#5F5F5F
5304	#000000
5305	#0C0C0C
5306	#1E1E1E
5307	#2C2C2C
5308	#393939
5309	#414141
5310	#4C4C4C
5311	#545454
5312	#5F5F5F
5313	#747474
5314	#7F7F7F
5315	#8A8A8A
5316	#9E9E9E
5317	#A4A4A4
5318	#A7A7A7
5319	#A9A9A9
5320	#B1B1B1
5321	#B9B9B9
5322	#BABABA
5323	#BABABA
5324	#B8B8B8
5325	#ABABAB
5326	#A3A3A3
5327	#B2B2B2
5328	#B6B6B6
5329	#9B9B9B
5330	#999999
5331	#AFAFAF
5332	#B1B1B1
5333	#A9A9A9
5334	#939393
5335	#787878
5336	#727272
5337	#747474
5338	#868686
5339	#9A9A9A
5340	#A6A6A6
5341	#B2B2B2
5342	#BCBCBC
5343	#C5C5C5
5344	#C4C4C4
5345	#BEBEBE
5346	#B9B9B9
5347	#BDBDBD
5348	#C4C4C4
5349	#C6C6C6
5350	#C9C9C9
5351	#C4C4C4
5352	#BCBCBC
5353	#B7B7B7
5354	#A2A2A2
5355	#8B8B8B
5356	#757575
5357	#727272
5358	#737373
5359	#838383
5360	#909090
5361	#8C8C8C
5362	#8B8B8B
5363	#8F8F8F
5364	#8F8F8F
5365	#949494
5366	#9C9C9C
5367	#B7B7B7
5368	#C1C1C1
5369	#B7B7B8
5370	#BABABB
5371	#B6B6B5
5372	#B4B4B5
5373	#B3B3B3
5374	#B2B5B2
5375	#AABBAA
5376	#A7C8A7
5377	#A2D4A2
5378	#9DE59D
5379	#8FE38F
5380	#7ACA7A
5381	#529A52
5382	#3F7D3F
5383	#346434
5384	#294829
5385	#283628
5386	#272A28
5387	#212121
5388	#151514
5389	#09090D
5390	#020200
5391	#000000
5392	#000000
5393	#000000
5394	#000000
5395	#000000
5396	#010101
5397	#AAAAAA
5398	#FFFFFF
5399	#FFFFFF
5400	#FFFFFF
5401	#FFFFFF
5402	#FFFFFF
5403	#FFFFFF
5404	#E9E9E9
5405	#151515
5406	#000000
5407	#0E0E0E
5408	#1F1F1F
5409	#2B2B2B
5410	#363636
5411	#3F3F3F
5412	#474747
5413	#515151
5414	#626262
5415	#777777
5416	#838383
5417	#8D8D8D
5418	#9F9F9F
5419	#A5A5A5
5420	#A7A7A7
5421	#AAAAAA
5422	#B1B1B1
5423	#B6B6B6
5424	#B7B7B7
5425	#B7B7B7
5426	#B9B9B9
5427	#AEAEAE
5428	#B1B1B1
5429	#BABABA
5430	#A1A1A1
5431	#9D9D9D
5432	#A8A8A8
5433	#B2B2B2
5434	#A5A5A5
5435	#949494
5436	#7C7C7C
5437	#747474
5438	#7B7B7B
5439	#777777
5440	#818181
5441	#939393
5442	#A2A2A2
5443	#AEAEAE
5444	#BCBCBC
5445	#C3C3C3
5446	#C3C3C3
5447	#C0C0C0
5448	#BFBFBF
5449	#C3C3C3
5450	#C6C6C6
5451	#C5C5C5
5452	#C6C6C6
5453	#BBBBBB
5454	#B2B2B2
5455	#A9A9A9
5456	#989898
5457	#828282
5458	#6B6B6B
5459	#686868
5460	#656565
5461	#6A6A6A
5462	#7F7F7F
5463	#909090
5464	#919191
5465	#979797
5466	#989898
5467	#989898
5468	#9E9E9E
5469	#B6B6B6
5470	#C3C3C3
5471	#BFBFBF
5472	#B5B5B5
5473	#B0B0B0
5474	#B0B0B0
5475	#B2B2B2
5476	#B1B1B1
5477	#ABABAB
5478	#A7A7A7
5479	#A1A1A1
5480	#9A9A9A
5481	#898989
5482	#5D5D5D
5483	#3C3C3C
5484	#353535
5485	#282828
5486	#272727
5487	#272727
5488	#232323
5489	#1A1A1A
5490	#0D0D0D
5491	#040404
5492	#000000
5493	#000000
5494	#000000
5495	#000000
5496	#000000
5497	#000000
5498	#363636
5499	#FFFFFF
5500	#FFFFFF
5501	#FFFFFF
5502	#FFFFFF
5503	#5E5E5E
5504	#000000
5505	#080808
5506	#191919
5507	#272727
5508	#323232
5509	#3C3C3C
5510	#444444
5511	#4D4D4D
5512	#5B5B5B
5513	#707070
5514	#808080
5515	#888888
5516	#9A9A9A
5517	#A4A4A4
5518	#A7A7A7
5519	#A8A8A8
5520	#AEAEAE
5521	#B4B4B4
5522	#B7B7B7
5523	#B7B7B7
5524	#B9B9B9
5525	#B3B3B3
5526	#ADADAD
5527	#BABABA
5528	#ACACAC
5529	#9B9B9B
5530	#A3A3A3
5531	#B1B1B1
5532	#ABABAB
5533	#9B9B9B
5534	#848484
5535	#747474
5536	#7A7A7A
5537	#787878
5538	#7B7B7B
5539	#8D8D8D
5540	#9C9C9C
5541	#AAAAAA
5542	#B6B6B6
5543	#C2C2C2
5544	#C4C4C4
5545	#C1C1C1
5546	#BFBFBF
5547	#C1C1C1
5548	#C5C5C5
5549	#C5C5C5
5550	#C6C6C6
5551	#C0C0C0
5552	#B4B4B4
5553	#AEAEAE
5554	#9E9E9E
5555	#8C8C8C
5556	#717171
5557	#686868
5558	#686868
5559	#656565
5560	#777777
5561	#8B8B8B
5562	#919191
5563	#949494
5564	#989898
5565	#979797
5566	#9B9B9B
5567	#ABABAB
5568	#C3C3C3
5569	#C1C1C2
5570	#B9B9AB
5571	#B1B188
5572	#AFAFA5
5573	#B2B2B3
5574	#B2B7B2
5575	#ADC6AD
5576	#A8DBA8
5577	#A3EFA3
5578	#9DA49D
5579	#918B92
5580	#70CD70
5581	#42B142
5582	#389438
5583	#2C722C
5584	#265526
5585	#273D27
5586	#252925
5587	#1E1E1B
5588	#111148
5589	#0707A8
5590	#01012A
5591	#000000
5592	#000000
5593	#000000
5594	#000000
5595	#000000
5596	#010101
5597	#AAAAAA
5598	#FFFFFF
5599	#FFFFFF
5600	#FFFFFF
5601	#FFFFFF
5602	#FFFFFF
5603	#FFFFFF
5604	#E9E9E9
5605	#121212
5606	#000000
5607	#0A0A0A
5608	#1B1B1B
5609	#262626
5610	#2F2F2F
5611	#393939
5612	#404040
5613	#494949
5614	#595959
5615	#6F6F6F
5616	#808080
5617	#8B8B8B
5618	#9A9A9A
5619	#A1A1A1
5620	#A5A5A5
5621	#AAAAAA
5622	#B1B1B1
5623	#B3B3B3
5624	#B3B3B3
5625	#B3B3B3
5626	#B6B6B6
5627	#B8B8B8
5628	#BBBBBB
5629	#B7B7B7
5630	#A7A7A7
5631	#A9A9A9
5632	#A7A7A7
5633	#A7A7A7
5634	#959595
5635	#868686
5636	#7E7E7E
5637	#777777
5638	#787878
5639	#767676
5640	#7C7C7C
5641	#8D8D8D
5642	#9E9E9E
5643	#A9A9A9
5644	#B8B8B8
5645	#C2C2C2
5646	#C1C1C1
5647	#BFBFBF
5648	#BEBEBE
5649	#C2C2C2
5650	#C6C6C6
5651	#C5C5C5
5652	#C6C6C6
5653	#B9B9B9
5654	#AFAFAF
5655	#A6A6A6
5656	#959595
5657	#828282
5658	#6E6E6E
5659	#696969
5660	#6A6A6A
5661	#676767
5662	#737373
5663	#808080
5664	#8F8F8F
5665	#999999
5666	#9E9E9E
5667	#A2A2A2
5668	#A2A2A2
5669	#AFAFAF
5670	#C5C5C5
5671	#C1C1C1
5672	#B4B4B4
5673	#AAAAAA
5674	#A9A9A9
5675	#ADADAD
5676	#ADADAD
5677	#A9A9A9
5678	#A5A5A5
5679	#A0A0A0
5680	#9A9A9A
5681	#818181
5682	#4A4A4A
5683	#363636
5684	#2E2E2E
5685	#252525
5686	#262626
5687	#252525
5688	#1F1F1F
5689	#151515
5690	#0A0A0A
5691	#020202
5692	#000000
5693	#000000
5694	#000000
5695	#000000
5696	#000000
5697	#000000
5698	#323232
5699	#FFFFFF
5700	#FFFFFF
5701	#FFFFFF
5702	#FFFFFF
5703	#5B5B5B
5704	#000000
5705	#060606
5706	#141414
5707	#232323
5708	#2B2B2B
5709	#353535
5710	#3E3E3E
5711	#454545
5712	#535353
5713	#676767
5714	#7B7B7B
5715	#878787
5716	#949494
5717	#A0A0A0
5718	#A4A4A4
5719	#A9A9A9
5720	#AEAEAE
5721	#B3B3B3
5722	#B3B3B3
5723	#B3B3B3
5724	#B4B4B4
5725	#B8B8B8
5726	#B9B9B9
5727	#BDBDBD
5728	#AAAAAA
5729	#A9A9A9
5730	#A7A7A7
5731	#A9A9A9
5732	#9C9C9C
5733	#8B8B8B
5734	#818181
5735	#777777
5736	#797979
5737	#757575
5738	#797979
5739	#868686
5740	#999999
5741	#A5A5A5
5742	#B2B2B2
5743	#C0C0C0
5744	#C2C2C2
5745	#C0C0C0
5746	#BEBEBE
5747	#C0C0C0
5748	#C5C5C5
5749	#C6C6C6
5750	#C7C7C7
5751	#BEBEBE
5752	#B1B1B1
5753	#ABABAB
5754	#9B9B9B
5755	#8B8B8B
5756	#747474
5757	#6A6A6A
5758	#6A6A6A
5759	#676767
5760	#6D6D6D
5761	#7B7B7B
5762	#8A8A8A
5763	#969696
5764	#9C9C9C
5765	#A0A0A0
5766	#A2A2A2
5767	#A7A7A7
5768	#C0C0C0
5769	#C4C4BA
5770	#B8B889
5771	#ADAD75
5772	#A8A87B
5773	#ADACA7
5774	#ADB6AE
5775	#ABD0AB
5776	#A6E2A6
5777	#A26AA2
5778	#9C199D
5779	#8F0E91
5780	#5D9155
5781	#39D731
5782	#31AD2F
5783	#278528
5784	#256425
5785	#264526
5786	#22281D
5787	#1A193F
5788	#0E0EC9
5789	#0404D7
5790	#0000A8
5791	#000009
5792	#000000
5793	#000000
5794	#000000
5795	#000000
5796	#000000
5797	#A7A7A7
5798	#FFFFFF
5799	#FFFFFF
5800	#FFFFFF
5801	#FFFFFF
5802	#FFFFFF
5803	#FFFFFF
5804	#E9E9E9
5805	#121212
5806	#000000
5807	#060606
5808	#151515
5809	#232323
5810	#2B2B2B
5811	#323232
5812	#3A3A3A
5813	#434343
5814	#545454
5815	#636363
5816	#7B7B7B
5817	#888888
5818	#969696
5819	#A0A0A0
5820	#A6A6A6
5821	#ABABAB
5822	#B1B1B1
5823	#B0B0B0
5824	#ABABAB
5825	#ACACAC
5826	#B3B3B3
5827	#BABABA
5828	#C2C2C2
5829	#B6B6B6
5830	#AFAFAF
5831	#ACACAC
5832	#9F9F9F
5833	#919191
5834	#8A8A8A
5835	#7E7E7E
5836	#787878
5837	#757575
5838	#717171
5839	#757575
5840	#7F7F7F
5841	#909090
5842	#A1A1A1
5843	#ABABAB
5844	#BCBCBC
5845	#C2C2C2
5846	#C1C1C1
5847	#BFBFBF
5848	#C0C0C0
5849	#C3C3C3
5850	#C6C6C6
5851	#C8C8C8
5852	#C5C5C5
5853	#B9B9B9
5854	#AFAFAF
5855	#A9A9A9
5856	#9B9B9B
5857	#818181
5858	#676767
5859	#686868
5860	#707070
5861	#6F6F6F
5862	#7C7C7C
5863	#757575
5864	#7A7A7A
5865	#8F8F8F
5866	#9E9E9E
5867	#A3A3A3
5868	#A6A6A6
5869	#B5B5B5
5870	#C4C4C4
5871	#C1C1C1
5872	#B5B5B5
5873	#A8A8A8
5874	#A6A6A6
5875	#A9A9A9
5876	#ABABAB
5877	#A9A9A9
5878	#A5A5A5
5879	#9F9F9F
5880	#9A9A9A
5881	#757575
5882	#3E3E3E
5883	#323232
5884	#2B2B2B
5885	#252525
5886	#252525
5887	#232323
5888	#1C1C1C
5889	#111111
5890	#080808
5891	#010101
5892	#000000
5893	#000000
5894	#000000
5895	#000000
5896	#000000
5897	#000000
5898	#323232
5899	#FFFFFF
5900	#FFFFFF
5901	#FFFFFF
5902	#FFFFFF
5903	#5B5B5B
5904	#000000
5905	#030303
5906	#0F0F0F
5907	#1F1F1F
5908	#282828
5909	#2F2F2F
5910	#373737
5911	#3F3F3F
5912	#4E4E4E
5913	#5D5D5D
5914	#737373
5915	#838383
5916	#919191
5917	#9D9D9D
5918	#A4A4A4
5919	#AAAAAA
5920	#AFAFAF
5921	#B1B1B1
5922	#ADADAD
5923	#AAAAAA
5924	#B1B1B1
5925	#B6B6B6
5926	#C1C1C1
5927	#BCBCBC
5928	#B0B0B0
5929	#AFAFAF
5930	#A5A5A5
5931	#959595
5932	#8D8D8D
5933	#838383
5934	#787878
5935	#767676
5936	#737373
5937	#717171
5938	#7D7D7D
5939	#878787
5940	#9D9D9D
5941	#A6A6A6
5942	#B6B6B6
5943	#C1C1C1
5944	#C1C1C1
5945	#BFBFBF
5946	#BFBFBF
5947	#C1C1C1
5948	#C5C5C5
5949	#C7C7C7
5950	#C7C7C7
5951	#BEBEBE
5952	#B1B1B1
5953	#ADADAD
5954	#A1A1A1
5955	#8D8D8D
5956	#6C6C6C
5957	#676767
5958	#6C6C6C
5959	#707070
5960	#777777
5961	#797979
5962	#757575
5963	#878787
5964	#9A9A9A
5965	#A2A2A2
5966	#A5A5A5
5967	#AEAEAE
5968	#C0C0BF
5969	#C3C39B
5970	#BABA82
5971	#ABAB70
5972	#A6A56D
5973	#A8A897
5974	#AAB5AB
5975	#AAE0AA
5976	#A7A6A7
5977	#A114A2
5978	#9B3694
5979	#8D3D60
5980	#535E5F
5981	#37D388
5982	#2DCF44
5983	#269B23
5984	#257325
5985	#244C24
5986	#1F2817
5987	#151471
5988	#0B0BDD
5989	#0303C9
5990	#0000C9
5991	#000037
5992	#000000
5993	#000000
5994	#000000
5995	#000000
5996	#000000
5997	#A7A7A7
5998	#FFFFFF
5999	#FFFFFF
6000	#FFFFFF
6001	#FFFFFF
6002	#FFFFFF
6003	#FFFFFF
6004	#E9E9E9
6005	#121212
6006	#000000
6007	#040404
6008	#101010
6009	#1E1E1E
6010	#272727
6011	#2E2E2E
6012	#363636
6013	#3E3E3E
6014	#4C4C4C
6015	#545454
6016	#6F6F6F
6017	#848484
6018	#969696
6019	#9F9F9F
6020	#A6A6A6
6021	#ADADAD
6022	#AFAFAF
6023	#A8A8A8
6024	#A3A3A3
6025	#A7A7A7
6026	#B1B1B1
6027	#BABABA
6028	#C4C4C4
6029	#BABABA
6030	#B2B2B2
6031	#A4A4A4
6032	#8F8F8F
6033	#878787
6034	#7E7E7E
6035	#767676
6036	#717171
6037	#737373
6038	#737373
6039	#7E7E7E
6040	#888888
6041	#979797
6042	#A6A6A6
6043	#ABABAB
6044	#BCBCBC
6045	#C4C4C4
6046	#C1C1C1
6047	#BFBFBF
6048	#C1C1C1
6049	#C3C3C3
6050	#C6C6C6
6051	#C9C9C9
6052	#C5C5C5
6053	#B7B7B7
6054	#B4B4B4
6055	#B5B5B5
6056	#AEAEAE
6057	#969696
6058	#707070
6059	#666666
6060	#696969
6061	#717171
6062	#767676
6063	#747474
6064	#767676
6065	#7D7D7D
6066	#909090
6067	#A2A2A2
6068	#ACACAC
6069	#BCBCBC
6070	#C1C1C1
6071	#C1C1C1
6072	#B5B5B5
6073	#A9A9A9
6074	#A7A7A7
6075	#A7A7A7
6076	#A7A7A7
6077	#AAAAAA
6078	#A6A6A6
6079	#9F9F9F
6080	#999999
6081	#696969
6082	#373737
6083	#2E2E2E
6084	#292929
6085	#242424
6086	#252525
6087	#222222
6088	#191919
6089	#0F0F0F
6090	#060606
6091	#000000
6092	#000000
6093	#000000
6094	#000000
6095	#000000
6096	#000000
6097	#000000
6098	#323232
6099	#FFFFFF
6100	#FFFFFF
6101	#FFFFFF
6102	#FFFFFF
6103	#5B5B5B
6104	#000000
6105	#020202
6106	#0A0A0A
6107	#191919
6108	#242424
6109	#2C2C2C
6110	#333333
6111	#3A3A3A
6112	#474747
6113	#505050
6114	#646464
6115	#7D7D7D
6116	#919191
6117	#9D9D9D
6118	#A3A3A3
6119	#ABABAB
6120	#AFAFAF
6121	#ABABAB
6122	#A4A4A4
6123	#A4A4A4
6124	#AEAEAE
6125	#B6B6B6
6126	#C2C2C2
6127	#C0C0C0
6128	#B4B4B4
6129	#ABABAB
6130	#969696
6131	#898989
6132	#818181
6133	#797979
6134	#717171
6135	#727272
6136	#737373
6137	#777777
6138	#868686
6139	#8F8F8F
6140	#A4A4A4
6141	#A7A7A7
6142	#B6B6B6
6143	#C3C3C3
6144	#C3C3C3
6145	#BFBFBF
6146	#C0C0C0
6147	#C2C2C2
6148	#C5C5C5
6149	#C8C8C8
6150	#C8C8C8
6151	#BCBCBC
6152	#B3B3B3
6153	#B6B6B6
6154	#B1B1B1
6155	#A3A3A3
6156	#7C7C7C
6157	#686868
6158	#656565
6159	#6F6F6F
6160	#757575
6161	#747474
6162	#757575
6163	#787878
6164	#888888
6165	#9D9D9D
6166	#A8A8A8
6167	#B6B6B7
6168	#C1C1BF
6169	#C2C295
6170	#BBBB7F
6171	#ACAC6E
6172	#A7A76C
6173	#A8A796
6174	#A6B7A8
6175	#AAD4AA
6176	#A944AA
6177	#A12E9E
6178	#A3675F
6179	#9E774F
6180	#6639D1
6181	#495EEA
6182	#30BEBA
6183	#25B72B
6184	#248323
6185	#235223
6186	#1D2815
6187	#13126D
6188	#0A0AD7
6189	#0202C4
6190	#0000CC
6191	#00005B
6192	#000000
6193	#000000
6194	#000000
6195	#000000
6196	#000000
6197	#A7A7A7
6198	#FFFFFF
6199	#FFFFFF
6200	#FFFFFF
6201	#FFFFFF
6202	#FFFFFF
6203	#FFFFFF
6204	#E9E9E9
6205	#121212
6206	#000000
6207	#030303
6208	#0C0C0C
6209	#191919
6210	#242424
6211	#2C2C2C
6212	#323232
6213	#383838
6214	#444444
6215	#494949
6216	#5C5C5C
6217	#7E7E7E
6218	#959595
6219	#9E9E9E
6220	#A5A5A5
6221	#ACACAC
6222	#ABABAB
6223	#A7A7A7
6224	#A6A6A6
6225	#A7A7A7
6226	#ADADAD
6227	#BCBCBC
6228	#C4C4C4
6229	#BCBCBC
6230	#ABABAB
6231	#969696
6232	#868686
6233	#818181
6234	#767676
6235	#707070
6236	#747474
6237	#838383
6238	#898989
6239	#8E8E8E
6240	#919191
6241	#A1A1A1
6242	#ACACAC
6243	#ADADAD
6244	#B8B8B8
6245	#C1C1C1
6246	#BEBEBE
6247	#BFBFBF
6248	#C2C2C2
6249	#C4C4C4
6250	#C6C6C6
6251	#C6C6C6
6252	#C3C3C3
6253	#BABABA
6254	#BBBBBB
6255	#BDBDBD
6256	#B9B9B9
6257	#A8A8A8
6258	#818181
6259	#7C7C7C
6260	#767676
6261	#6E6E6E
6262	#6F6F6F
6263	#727272
6264	#767676
6265	#797979
6266	#838383
6267	#9B9B9B
6268	#B4B4B4
6269	#BEBEBE
6270	#BEBEBE
6271	#C1C1C1
6272	#B6B6B6
6273	#ACACAC
6274	#AAAAAA
6275	#A7A7A7
6276	#A6A6A6
6277	#AAAAAA
6278	#A6A6A6
6279	#A0A0A0
6280	#989898
6281	#5F5F5F
6282	#313131
6283	#2C2C2C
6284	#282828
6285	#262626
6286	#242424
6287	#202020
6288	#171717
6289	#0F0F0F
6290	#040404
6291	#000000
6292	#000000
6293	#000000
6294	#000000
6295	#000000
6296	#000000
6297	#000000
6298	#323232
6299	#FFFFFF
6300	#FFFFFF
6301	#FFFFFF
6302	#FFFFFF
6303	#5B5B5B
6304	#000000
6305	#010101
6306	#080808
6307	#141414
6308	#202020
6309	#292929
6310	#303030
6311	#353535
6312	#404040
6313	#474747
6314	#525252
6315	#727272
6316	#8F8F8F
6317	#9B9B9B
6318	#A2A2A2
6319	#AAAAAA
6320	#ADADAD
6321	#A9A9A9
6322	#A6A6A6
6323	#A6A6A6
6324	#AAAAAA
6325	#B6B6B6
6326	#C3C3C3
6327	#C0C0C0
6328	#B2B2B2
6329	#9E9E9E
6330	#8A8A8A
6331	#838383
6332	#7A7A7A
6333	#717171
6334	#717171
6335	#7E7E7E
6336	#898989
6337	#8B8B8B
6338	#909090
6339	#999999
6340	#AAAAAA
6341	#ABABAB
6342	#B3B3B3
6343	#BEBEBE
6344	#C0C0C0
6345	#BDBDBD
6346	#C1C1C1
6347	#C4C4C4
6348	#C6C6C6
6349	#C5C5C5
6350	#C5C5C5
6351	#BDBDBD
6352	#B9B9B9
6353	#BEBEBE
6354	#BBBBBB
6355	#B2B2B2
6356	#8F8F8F
6357	#7B7B7B
6358	#7A7A7A
6359	#717171
6360	#6D6D6D
6361	#717171
6362	#747474
6363	#777777
6364	#7E7E7E
6365	#919191
6366	#ACACAC
6367	#BCBCBE
6368	#BEBEB1
6369	#C1C18A
6370	#BCBC7E
6371	#AEAE6D
6372	#ABAB6D
6373	#A8A896
6374	#A6BFA8
6375	#A9B9A9
6376	#A822AB
6377	#A65982
6378	#C19A32
6379	#BC7D71
6380	#853ABE
6381	#6A25B5
6382	#4749D6
6383	#28C36A
6384	#24981E
6385	#225A22
6386	#1A2713
6387	#121169
6388	#0808D1
6389	#0000BF
6390	#0000C4
6391	#0000BF
6392	#000021
6393	#000000
6394	#000000
6395	#000000
6396	#000000
6397	#A7A7A7
6398	#FFFFFF
6399	#FFFFFF
6400	#FFFFFF
6401	#FFFFFF
6402	#FFFFFF
6403	#FFFFFF
6404	#E9E9E9
6405	#151515
6406	#000000
6407	#020202
6408	#090909
6409	#151515
6410	#212121
6411	#282828
6412	#2E2E2E
6413	#333333
6414	#3F3F3F
6415	#454545
6416	#515151
6417	#727272
6418	#949494
6419	#9C9C9C
6420	#A6A6A6
6421	#ABABAB
6422	#AAAAAA
6423	#A7A7A7
6424	#A2A2A2
6425	#A4A4A4
6426	#ACACAC
6427	#BEBEBE
6428	#C5C5C5
6429	#B6B6B6
6430	#A2A2A2
6431	#919191
6432	#868686
6433	#7C7C7C
6434	#787878
6435	#7E7E7E
6436	#808080
6437	#818181
6438	#8B8B8B
6439	#8A8A8A
6440	#939393
6441	#A5A5A5
6442	#B5B5B5
6443	#B5B5B5
6444	#BCBCBC
6445	#C2C2C2
6446	#B8B8B8
6447	#B8B8B8
6448	#BCBCBC
6449	#BEBEBE
6450	#C2C2C2
6451	#C7C7C7
6452	#C7C7C7
6453	#BEBEBE
6454	#C3C3C3
6455	#C1C1C1
6456	#BCBCBC
6457	#B2B2B2
6458	#848484
6459	#777777
6460	#868686
6461	#848484
6462	#7D7D7D
6463	#787878
6464	#7D7D7D
6465	#878787
6466	#8F8F8F
6467	#9C9C9C
6468	#ACACAC
6469	#B6B6B6
6470	#BDBDBD
6471	#BEBEBE
6472	#BABABA
6473	#AEAEAE
6474	#ABABAB
6475	#A7A7A7
6476	#A7A7A7
6477	#ABABAB
6478	#A5A5A5
6479	#A1A1A1
6480	#979797
6481	#5C5C5C
6482	#2F2F2F
6483	#2B2B2B
6484	#282828
6485	#252525
6486	#232323
6487	#1D1D1D
6488	#141414
6489	#0C0C0C
6490	#030303
6491	#000000
6492	#000000
6493	#000000
6494	#000000
6495	#000000
6496	#000000
6497	#000000
6498	#353535
6499	#FFFFFF
6500	#FFFFFF
6501	#FFFFFF
6502	#FFFFFF
6503	#5E5E5E
6504	#000000
6505	#000000
6506	#060606
6507	#101010
6508	#1D1D1D
6509	#262626
6510	#2C2C2C
6511	#303030
6512	#3A3A3A
6513	#434343
6514	#4B4B4B
6515	#636363
6516	#8C8C8C
6517	#999999
6518	#A3A3A3
6519	#A9A9A9
6520	#ABABAB
6521	#A8A8A8
6522	#A4A4A4
6523	#A2A2A2
6524	#A8A8A8
6525	#B7B7B7
6526	#C5C5C5
6527	#BEBEBE
6528	#A9A9A9
6529	#979797
6530	#8A8A8A
6531	#808080
6532	#787878
6533	#7B7B7B
6534	#828282
6535	#7D7D7D
6536	#8A8A8A
6537	#898989
6538	#8E8E8E
6539	#9D9D9D
6540	#B1B1B1
6541	#B6B6B6
6542	#B8B8B8
6543	#C2C2C2
6544	#BCBCBC
6545	#B6B6B6
6546	#BBBBBB
6547	#BDBDBD
6548	#C0C0C0
6549	#C5C5C5
6550	#C8C8C8
6551	#C0C0C0
6552	#C0C0C0
6553	#C3C3C3
6554	#BDBDBD
6555	#B9B9B9
6556	#979797
6557	#737373
6558	#838383
6559	#868686
6560	#808080
6561	#797979
6562	#7A7A7A
6563	#848484
6564	#8B8B8B
6565	#979797
6566	#A6A6A6
6567	#B3B3B5
6568	#BCBCAB
6569	#BDBD82
6570	#BDBD7B
6571	#B2B26C
6572	#ACAC6A
6573	#A8A895
6574	#A6C4A8
6575	#AA84AB
6576	#A732A3
6577	#B88554
6578	#E1A12E
6579	#DD77A8
6580	#AD388D
6581	#902B8C
6582	#6925B5
6583	#358BB6
6584	#22B030
6585	#20641E
6586	#172710
6587	#0F0E67
6588	#0606CA
6589	#0000B9
6590	#0000BF
6591	#0000C7
6592	#000027
6593	#000000
6594	#000000
6595	#000000
6596	#000000
6597	#AAAAAA
6598	#FFFFFF
6599	#FFFFFF
6600	#FFFFFF
6601	#FFFFFF
6602	#FFFFFF
6603	#FFFFFF
6604	#E9E9E9
6605	#121212
6606	#000000
6607	#010101
6608	#070707
6609	#111111
6610	#1D1D1D
6611	#252525
6612	#2B2B2B
6613	#303030
6614	#3B3B3B
6615	#434343
6616	#4A4A4A
6617	#636363
6618	#909090
6619	#9C9C9C
6620	#A4A4A4
6621	#A9A9A9
6622	#AAAAAA
6623	#A4A4A4
6624	#A2A2A2
6625	#A3A3A3
6626	#AEAEAE
6627	#C0C0C0
6628	#C3C3C3
6629	#AFAFAF
6630	#989898
6631	#919191
6632	#828282
6633	#828282
6634	#868686
6635	#878787
6636	#888888
6637	#8C8C8C
6638	#919191
6639	#8C8C8C
6640	#8E8E8E
6641	#9E9E9E
6642	#B3B3B3
6643	#B6B6B6
6644	#BEBEBE
6645	#C7C7C7
6646	#BEBEBE
6647	#B8B8B8
6648	#BABABA
6649	#BEBEBE
6650	#C6C6C6
6651	#CACACA
6652	#C6C6C6
6653	#BEBEBE
6654	#C2C2C2
6655	#C0C0C0
6656	#BABABA
6657	#B5B5B5
6658	#919191
6659	#7D7D7D
6660	#8E8E8E
6661	#878787
6662	#898989
6663	#8D8D8D
6664	#8E8E8E
6665	#8D8D8D
6666	#8F8F8F
6667	#989898
6668	#9F9F9F
6669	#A8A8A8
6670	#B4B4B4
6671	#B9B9B9
6672	#BBBBBB
6673	#B6B6B6
6674	#ACACAC
6675	#A7A7A7
6676	#A4A4A4
6677	#AAAAAA
6678	#A7A7A7
6679	#A1A1A1
6680	#939393
6681	#595959
6682	#2E2E2E
6683	#2B2B2B
6684	#282828
6685	#252525
6686	#222222
6687	#1B1B1B
6688	#131313
6689	#0C0C0C
6690	#020202
6691	#000000
6692	#000000
6693	#000000
6694	#000000
6695	#000000
6696	#000000
6697	#000000
6698	#333333
6699	#FFFFFF
6700	#FFFFFF
6701	#FFFFFF
6702	#FFFFFF
6703	#5B5B5B
6704	#000000
6705	#000000
6706	#040404
6707	#0D0D0D
6708	#191919
6709	#222222
6710	#2A2A2A
6711	#2E2E2E
6712	#363636
6713	#424242
6714	#474747
6715	#555555
6716	#828282
6717	#999999
6718	#A1A1A1
6719	#A8A8A8
6720	#AAAAAA
6721	#A6A6A6
6722	#A2A2A2
6723	#A2A2A2
6724	#A9A9A9
6725	#BBBBBB
6726	#C4C4C4
6727	#BABABA
6728	#9D9D9D
6729	#959595
6730	#878787
6731	#818181
6732	#858585
6733	#868686
6734	#888888
6735	#898989
6736	#929292
6737	#8D8D8D
6738	#8B8B8B
6739	#979797
6740	#ACACAC
6741	#B7B7B7
6742	#B9B9B9
6743	#C6C6C6
6744	#C3C3C3
6745	#B9B9B9
6746	#B9B9B9
6747	#BCBCBC
6748	#C4C4C4
6749	#C9C9C9
6750	#C9C9C9
6751	#C0C0C0
6752	#C0C0C0
6753	#C2C2C2
6754	#BBBBBB
6755	#B8B8B8
6756	#A2A2A2
6757	#7D7D7D
6758	#898989
6759	#8B8B8B
6760	#868686
6761	#8D8D8D
6762	#8D8D8D
6763	#8D8D8D
6764	#8D8D8D
6765	#949494
6766	#9C9C9C
6767	#A4A4A6
6768	#B0B09D
6769	#B8B87B
6770	#BABA74
6771	#B9B970
6772	#AFAF6A
6773	#AAAA96
6774	#A4C8A6
6775	#A867AB
6776	#AD4A93
6777	#D39E35
6778	#6C9D96
6779	#7773B2
6780	#DA315E
6781	#B52965
6782	#89248F
6783	#4B4EC7
6784	#24BA4F
6785	#1E6D18
6786	#152718
6787	#0F0DA2
6788	#0505C3
6789	#0000B5
6790	#0000BB
6791	#0000C7
6792	#00004A
6793	#000000
6794	#000000
6795	#000000
6796	#000000
6797	#A7A7A7
6798	#FFFFFF
6799	#FFFFFF
6800	#FFFFFF
6801	#FFFFFF
6802	#FFFFFF
6803	#FFFFFF
6804	#E9E9E9
6805	#121212
6806	#000000
6807	#000000
6808	#050505
6809	#0E0E0E
6810	#181818
6811	#222222
6812	#292929
6813	#2E2E2E
6814	#373737
6815	#404040
6816	#444444
6817	#575757
6818	#868686
6819	#9D9D9D
6820	#A1A1A1
6821	#A8A8A8
6822	#A9A9A9
6823	#A0A0A0
6824	#A2A2A2
6825	#A5A5A5
6826	#B4B4B4
6827	#C2C2C2
6828	#BABABA
6829	#AEAEAE
6830	#979797
6831	#8D8D8D
6832	#898989
6833	#898989
6834	#8A8A8A
6835	#8C8C8C
6836	#868686
6837	#7D7D7D
6838	#787878
6839	#777777
6840	#7A7A7A
6841	#8D8D8D
6842	#A6A6A6
6843	#B5B5B5
6844	#C0C0C0
6845	#C7C7C7
6846	#C5C5C5
6847	#C2C2C2
6848	#C2C2C2
6849	#C6C6C6
6850	#CACACA
6851	#CBCBCB
6852	#C9C9C9
6853	#BFBFBF
6854	#BFBFBF
6855	#B8B8B8
6856	#B4B4B4
6857	#AEAEAE
6858	#848484
6859	#5E5E5E
6860	#787878
6861	#8A8A8A
6862	#919191
6863	#979797
6864	#939393
6865	#969696
6866	#969696
6867	#969696
6868	#989898
6869	#9E9E9E
6870	#9C9C9C
6871	#A9A9A9
6872	#BABABA
6873	#BDBDBD
6874	#B1B1B1
6875	#A7A7A7
6876	#A3A3A3
6877	#A8A8A8
6878	#A7A7A7
6879	#A1A1A1
6880	#8C8C8C
6881	#575757
6882	#2E2E2E
6883	#2A2A2A
6884	#272727
6885	#252525
6886	#212121
6887	#191919
6888	#121212
6889	#0A0A0A
6890	#010101
6891	#000000
6892	#000000
6893	#000000
6894	#000000
6895	#000000
6896	#000000
6897	#000000
6898	#323232
6899	#FFFFFF
6900	#FFFFFF
6901	#FFFFFF
6902	#FFFFFF
6903	#5B5B5B
6904	#000000
6905	#000000
6906	#030303
6907	#0B0B0B
6908	#141414
6909	#1E1E1E
6910	#272727
6911	#2D2D2D
6912	#333333
6913	#3E3E3E
6914	#424242
6915	#4C4C4C
6916	#747474
6917	#999999
6918	#A0A0A0
6919	#A6A6A6
6920	#ABABAB
6921	#A2A2A2
6922	#A1A1A1
6923	#A3A3A3
6924	#ADADAD
6925	#BEBEBE
6926	#BEBEBE
6927	#B3B3B3
6928	#A0A0A0
6929	#8E8E8E
6930	#8B8B8B
6931	#888888
6932	#898989
6933	#8C8C8C
6934	#898989
6935	#7F7F7F
6936	#797979
6937	#777777
6938	#777777
6939	#858585
6940	#9C9C9C
6941	#B2B2B2
6942	#BBBBBB
6943	#C6C6C6
6944	#C6C6C6
6945	#C3C3C3
6946	#C1C1C1
6947	#C4C4C4
6948	#C9C9C9
6949	#CACACA
6950	#CBCBCB
6951	#C1C1C1
6952	#BFBFBF
6953	#BBBBBB
6954	#B5B5B5
6955	#B2B2B2
6956	#999999
6957	#636363
6958	#6C6C6C
6959	#868686
6960	#8F8F8F
6961	#969696
6962	#959595
6963	#959595
6964	#969696
6965	#969696
6966	#969696
6967	#9C9C9E
6968	#9D9D79
6969	#A1A161
6970	#B5B56D
6971	#BDBD70
6972	#B7B66F
6973	#A9AA96
6974	#A3CBA5
6975	#A471A8
6976	#B66479
6977	#C7A640
6978	#2598CA
6979	#1B6A86
6980	#A8783E
6981	#DE3C45
6982	#A22472
6983	#602AB5
6984	#27A17E
6985	#1B7715
6986	#14291A
6987	#0E0DB2
6988	#0404BE
6989	#0000B2
6990	#0000B7
6991	#0000CB
6992	#000079
6993	#000000
6994	#000000
6995	#000000
6996	#000000
6997	#A7A7A7
6998	#FFFFFF
6999	#FFFFFF
7000	#FFFFFF
7001	#FFFFFF
7002	#FFFFFF
7003	#FFFFFF
7004	#E9E9E9
7005	#121212
7006	#000000
7007	#000000
7008	#030303
7009	#0B0B0B
7010	#141414
7011	#1D1D1D
7012	#262626
7013	#2B2B2B
7014	#323232
7015	#3B3B3B
7016	#3D3D3D
7017	#4E4E4E
7018	#7B7B7B
7019	#9A9A9A
7020	#A1A1A1
7021	#A8A8A8
7022	#A7A7A7
7023	#9F9F9F
7024	#A1A1A1
7025	#ABABAB
7026	#B9B9B9
7027	#BCBCBC
7028	#AEAEAE
7029	#AAAAAA
7030	#A1A1A1
7031	#959595
7032	#8E8E8E
7033	#8F8F8F
7034	#8E8E8E
7035	#7B7B7B
7036	#6B6B6B
7037	#6F6F6F
7038	#707070
7039	#717171
7040	#767676
7041	#8F8F8F
7042	#A3A3A3
7043	#B6B6B6
7044	#C1C1C1
7045	#C5C5C5
7046	#C2C2C2
7047	#C1C1C1
7048	#C1C1C1
7049	#C4C4C4
7050	#C8C8C8
7051	#C8C8C8
7052	#C7C7C7
7053	#BDBDBD
7054	#BBBBBB
7055	#B8B8B8
7056	#B4B4B4
7057	#B2B2B2
7058	#919191
7059	#616161
7060	#696969
7061	#727272
7062	#848484
7063	#999999
7064	#989898
7065	#979797
7066	#999999
7067	#9A9A9A
7068	#959595
7069	#919191
7070	#8D8D8D
7071	#939393
7072	#AAAAAA
7073	#BFBFBF
7074	#BABABA
7075	#AAAAAA
7076	#A3A3A3
7077	#A4A4A4
7078	#A6A6A6
7079	#A1A1A1
7080	#868686
7081	#575757
7082	#2D2D2D
7083	#292929
7084	#262626
7085	#252525
7086	#1E1E1E
7087	#181818
7088	#121212
7089	#090909
7090	#010101
7091	#000000
7092	#000000
7093	#000000
7094	#000000
7095	#000000
7096	#000000
7097	#000000
7098	#323232
7099	#FFFFFF
7100	#FFFFFF
7101	#FFFFFF
7102	#FFFFFF
7103	#5B5B5B
7104	#000000
7105	#000000
7106	#010101
7107	#080808
7108	#111111
7109	#1A1A1A
7110	#232323
7111	#2A2A2A
7112	#2F2F2F
7113	#393939
7114	#3C3C3C
7115	#434343
7116	#6A6A6A
7117	#929292
7118	#9F9F9F
7119	#A5A5A5
7120	#A9A9A9
7121	#A1A1A1
7122	#9F9F9F
7123	#A6A6A6
7124	#B4B4B4
7125	#BEBEBE
7126	#B3B3B3
7127	#ABABAB
7128	#A5A5A5
7129	#999999
7130	#919191
7131	#8E8E8E
7132	#909090
7133	#848484
7134	#6F6F6F
7135	#6B6B6B
7136	#717171
7137	#707070
7138	#727272
7139	#878787
7140	#9A9A9A
7141	#B1B1B1
7142	#BCBCBC
7143	#C5C5C5
7144	#C3C3C3
7145	#C2C2C2
7146	#C1C1C1
7147	#C3C3C3
7148	#C7C7C7
7149	#C8C8C8
7150	#C9C9C9
7151	#C0C0C0
7152	#BBBBBB
7153	#B9B9B9
7154	#B6B6B6
7155	#B4B4B4
7156	#A3A3A3
7157	#6C6C6C
7158	#646464
7159	#6E6E6E
7160	#7D7D7D
7161	#919191
7162	#9B9B9B
7163	#979797
7164	#999999
7165	#9A9A9A
7166	#979797
7167	#939394
7168	#8E8E68
7169	#8F8F4D
7170	#9F9F54
7171	#BABA6B
7172	#BEBD73
7173	#B0B09B
7174	#A4CFA7
7175	#A276A5
7176	#BE6965
7177	#8AA742
7178	#2392BA
7179	#315670
7180	#54DA36
7181	#D08530
7182	#B9215D
7183	#6F27AA
7184	#2AA496
7185	#197D13
7186	#142C18
7187	#0D0CA6
7188	#0303BE
7189	#0000B2
7190	#0000B7
7191	#0000CA
7192	#000076
7193	#000000
7194	#000000
7195	#000000
7196	#000000
7197	#A7A7A7
7198	#FFFFFF
7199	#FFFFFF
7200	#FFFFFF
7201	#FFFFFF
7202	#FFFFFF
7203	#FFFFFF
7204	#E9E9E9
7205	#121212
7206	#000000
7207	#000000
7208	#020202
7209	#090909
7210	#121212
7211	#1A1A1A
7212	#232323
7213	#292929
7214	#2E2E2E
7215	#373737
7216	#393939
7217	#474747
7218	#727272
7219	#929292
7220	#A2A2A2
7221	#A7A7A7
7222	#A5A5A5
7223	#A2A2A2
7224	#A4A4A4
7225	#B4B4B4
7226	#BABABA
7227	#ABABAB
7228	#A9A9A9
7229	#ABABAB
7230	#ABABAB
7231	#A5A5A5
7232	#9D9D9D
7233	#909090
7234	#838383
7235	#6F6F6F
7236	#696969
7237	#727272
7238	#7B7B7B
7239	#808080
7240	#797979
7241	#8A8A8A
7242	#9F9F9F
7243	#B6B6B6
7244	#BFBFBF
7245	#C3C3C3
7246	#C1C1C1
7247	#C1C1C1
7248	#C2C2C2
7249	#C4C4C4
7250	#C9C9C9
7251	#C9C9C9
7252	#C6C6C6
7253	#BABABA
7254	#B7B7B7
7255	#B6B6B6
7256	#B5B5B5
7257	#B4B4B4
7258	#A0A0A0
7259	#696969
7260	#707070
7261	#727272
7262	#6D6D6D
7263	#858585
7264	#8F8F8F
7265	#9A9A9A
7266	#9A9A9A
7267	#979797
7268	#959595
7269	#939393
7270	#8A8A8A
7271	#8D8D8D
7272	#969696
7273	#B1B1B1
7274	#C0C0C0
7275	#B3B3B3
7276	#A6A6A6
7277	#A3A3A3
7278	#A4A4A4
7279	#A1A1A1
7280	#838383
7281	#5A5A5A
7282	#2E2E2E
7283	#292929
7284	#262626
7285	#242424
7286	#1D1D1D
7287	#181818
7288	#121212
7289	#080808
7290	#010101
7291	#000000
7292	#000000
7293	#000000
7294	#000000
7295	#000000
7296	#000000
7297	#000000
7298	#323232
7299	#FFFFFF
7300	#FFFFFF
7301	#FFFFFF
7302	#FFFFFF
7303	#5B5B5B
7304	#000000
7305	#000000
7306	#010101
7307	#060606
7308	#0F0F0F
7309	#171717
7310	#202020
7311	#272727
7312	#2C2C2C
7313	#343434
7314	#393939
7315	#3D3D3D
7316	#636363
7317	#868686
7318	#9F9F9F
7319	#A5A5A5
7320	#A7A7A7
7321	#A2A2A2
7322	#A2A2A2
7323	#ADADAD
7324	#BBBBBB
7325	#B1B1B1
7326	#A8A8A8
7327	#ABABAB
7328	#ABABAB
7329	#A9A9A9
7330	#9F9F9F
7331	#959595
7332	#888888
7333	#777777
7334	#696969
7335	#6E6E6E
7336	#787878
7337	#808080
7338	#797979
7339	#848484
7340	#959595
7341	#AFAFAF
7342	#BCBCBC
7343	#C3C3C3
7344	#C2C2C2
7345	#C0C0C0
7346	#C2C2C2
7347	#C3C3C3
7348	#C7C7C7
7349	#CACACA
7350	#C9C9C9
7351	#BEBEBE
7352	#B7B7B7
7353	#B7B7B7
7354	#B5B5B5
7355	#B4B4B4
7356	#ADADAD
7357	#7C7C7C
7358	#676767
7359	#777777
7360	#696969
7361	#7D7D7D
7362	#8B8B8B
7363	#979797
7364	#9B9B9B
7365	#989898
7366	#969696
7367	#959596
7368	#8D8D67
7369	#8B8B49
7370	#919146
7371	#A5A555
7372	#BFBF74
7373	#B9B9A4
7374	#A9D4AC
7375	#A279A6
7376	#BF695E
7377	#79A770
7378	#218FBD
7379	#49426C
7380	#34D139
7381	#AEB42C
7382	#C32257
7383	#7427A3
7384	#2CA88E
7385	#188214
7386	#152F0E
7387	#0C0C68
7388	#0302C1
7389	#0000B3
7390	#0000B7
7391	#0000CA
7392	#000079
7393	#000000
7394	#000000
7395	#000000
7396	#000000
7397	#A7A7A7
7398	#FFFFFF
7399	#FFFFFF
7400	#FFFFFF
7401	#FFFFFF
7402	#FFFFFF
7403	#FFFFFF
7404	#E9E9E9
7405	#121212
7406	#000000
7407	#000000
7408	#010101
7409	#070707
7410	#111111
7411	#171717
7412	#212121
7413	#272727
7414	#2B2B2B
7415	#323232
7416	#363636
7417	#434343
7418	#6C6C6C
7419	#868686
7420	#A2A2A2
7421	#A5A5A5
7422	#A5A5A5
7423	#A3A3A3
7424	#ABABAB
7425	#BABABA
7426	#B0B0B0
7427	#9A9A9A
7428	#A9A9A9
7429	#AFAFAF
7430	#AAAAAA
7431	#A8A8A8
7432	#9D9D9D
7433	#8B8B8B
7434	#818181
7435	#797979
7436	#717171
7437	#787878
7438	#7F7F7F
7439	#868686
7440	#7B7B7B
7441	#8A8A8A
7442	#A1A1A1
7443	#B6B6B6
7444	#C3C3C3
7445	#C6C6C6
7446	#C2C2C2
7447	#C4C4C4
7448	#C4C4C4
7449	#C6C6C6
7450	#C8C8C8
7451	#CBCBCB
7452	#C9C9C9
7453	#BCBCBC
7454	#B9B9B9
7455	#B6B6B6
7456	#B5B5B5
7457	#B4B4B4
7458	#A9A9A9
7459	#727272
7460	#676767
7461	#747474
7462	#717171
7463	#878787
7464	#747474
7465	#797979
7466	#909090
7467	#9A9A9A
7468	#979797
7469	#979797
7470	#929292
7471	#8C8C8C
7472	#8F8F8F
7473	#9C9C9C
7474	#BBBBBB
7475	#BCBCBC
7476	#AAAAAA
7477	#A4A4A4
7478	#A5A5A5
7479	#A3A3A3
7480	#838383
7481	#5D5D5D
7482	#303030
7483	#272727
7484	#272727
7485	#242424
7486	#1D1D1D
7487	#181818
7488	#111111
7489	#060606
7490	#000000
7491	#000000
7492	#000000
7493	#000000
7494	#000000
7495	#000000
7496	#000000
7497	#000000
7498	#333333
7499	#FFFFFF
7500	#FFFFFF
7501	#FFFFFF
7502	#FFFFFF
7503	#5B5B5B
7504	#000000
7505	#000000
7506	#000000
7507	#040404
7508	#0E0E0E
7509	#151515
7510	#1D1D1D
7511	#252525
7512	#2A2A2A
7513	#2F2F2F
7514	#353535
7515	#393939
7516	#5F5F5F
7517	#7A7A7A
7518	#9C9C9C
7519	#A4A4A4
7520	#A6A6A6
7521	#A4A4A4
7522	#A6A6A6
7523	#B5B5B5
7524	#B9B9B9
7525	#9D9D9D
7526	#A2A2A2
7527	#AFAFAF
7528	#ABABAB
7529	#AAAAAA
7530	#A2A2A2
7531	#929292
7532	#838383
7533	#7E7E7E
7534	#727272
7535	#757575
7536	#7C7C7C
7537	#868686
7538	#7D7D7D
7539	#828282
7540	#989898
7541	#AFAFAF
7542	#BFBFBF
7543	#C6C6C6
7544	#C3C3C3
7545	#C3C3C3
7546	#C4C4C4
7547	#C6C6C6
7548	#C7C7C7
7549	#CACACA
7550	#CCCCCC
7551	#C1C1C1
7552	#B9B9B9
7553	#B8B8B8
7554	#B5B5B5
7555	#B5B5B5
7556	#B1B1B1
7557	#898989
7558	#616161
7559	#767676
7560	#6D6D6D
7561	#838383
7562	#7C7C7C
7563	#737373
7564	#888888
7565	#999999
7566	#989898
7567	#979798
7568	#95956F
7569	#8D8D4C
7570	#8D8D43
7571	#959545
7572	#B1B067
7573	#C0C0AB
7574	#B1DAB3
7575	#A376A7
7576	#BB6766
7577	#7EA83B
7578	#1A94BC
7579	#314173
7580	#659C3D
7581	#C79031
7582	#B7225E
7583	#7027A7
7584	#2AA68E
7585	#198515
7586	#14340C
7587	#0A0C5C
7588	#0101CA
7589	#0000B9
7590	#0000BD
7591	#0000CE
7592	#000057
7593	#000000
7594	#000000
7595	#000000
7596	#000000
7597	#A7A7A7
7598	#FFFFFF
7599	#FFFFFF
7600	#FFFFFF
7601	#FFFFFF
7602	#FFFFFF
7603	#FFFFFF
7604	#EAEAEA
7605	#151515
7606	#000000
7607	#000000
7608	#010101
7609	#060606
7610	#0F0F0F
7611	#161616
7612	#1E1E1E
7613	#262626
7614	#2A2A2A
7615	#2E2E2E
7616	#343434
7617	#414141
7618	#686868
7619	#7B7B7B
7620	#9E9E9E
7621	#A3A3A3
7622	#A3A3A3
7623	#A5A5A5
7624	#B2B2B2
7625	#BBBBBB
7626	#A1A1A1
7627	#999999
7628	#AAAAAA
7629	#ACACAC
7630	#AAAAAA
7631	#9C9C9C
7632	#898989
7633	#858585
7634	#858585
7635	#7A7A7A
7636	#7D7D7D
7637	#818181
7638	#7B7B7B
7639	#7C7C7C
7640	#7E7E7E
7641	#969696
7642	#AAAAAA
7643	#B7B7B7
7644	#C4C4C4
7645	#C6C6C6
7646	#C3C3C3
7647	#C4C4C4
7648	#C5C5C5
7649	#C5C5C5
7650	#C7C7C7
7651	#CBCBCB
7652	#C8C8C8
7653	#BDBDBD
7654	#BDBDBD
7655	#BDBDBD
7656	#BABABA
7657	#B9B9B9
7658	#B3B3B3
7659	#828282
7660	#666666
7661	#797979
7662	#7E7E7E
7663	#848484
7664	#727272
7665	#6D6D6D
7666	#747474
7667	#888888
7668	#999999
7669	#969696
7670	#969696
7671	#989898
7672	#929292
7673	#939393
7674	#ABABAB
7675	#C0C0C0
7676	#B1B1B1
7677	#A4A4A4
7678	#A3A3A3
7679	#A2A2A2
7680	#868686
7681	#616161
7682	#333333
7683	#272727
7684	#272727
7685	#222222
7686	#1C1C1C
7687	#191919
7688	#101010
7689	#040404
7690	#000000
7691	#000000
7692	#000000
7693	#000000
7694	#000000
7695	#000000
7696	#000000
7697	#000000
7698	#363636
7699	#FFFFFF
7700	#FFFFFF
7701	#FFFFFF
7702	#FFFFFF
7703	#5E5E5E
7704	#000000
7705	#000000
7706	#000000
7707	#030303
7708	#0C0C0C
7709	#131313
7710	#1A1A1A
7711	#232323
7712	#292929
7713	#2C2C2C
7714	#333333
7715	#373737
7716	#5C5C5C
7717	#727272
7718	#949494
7719	#A3A3A3
7720	#A3A3A3
7721	#A4A4A4
7722	#ABABAB
7723	#BABABA
7724	#ADADAD
7725	#979797
7726	#A4A4A4
7727	#ADADAD
7728	#ABABAB
7729	#A4A4A4
7730	#8F8F8F
7731	#858585
7732	#868686
7733	#7E7E7E
7734	#7A7A7A
7735	#818181
7736	#7D7D7D
7737	#7C7C7C
7738	#7B7B7B
7739	#8C8C8C
7740	#A4A4A4
7741	#B2B2B2
7742	#C0C0C0
7743	#C7C7C7
7744	#C4C4C4
7745	#C4C4C4
7746	#C5C5C5
7747	#C5C5C5
7748	#C6C6C6
7749	#CACACA
7750	#CBCBCB
7751	#C1C1C1
7752	#BCBCBC
7753	#BEBEBE
7754	#BABABA
7755	#B9B9B9
7756	#B7B7B7
7757	#9A9A9A
7758	#666666
7759	#747474
7760	#7C7C7C
7761	#848484
7762	#797979
7763	#6D6D6D
7764	#707070
7765	#7F7F7F
7766	#969696
7767	#989899
7768	#959574
7769	#989859
7770	#95954D
7771	#919145
7772	#9E9E57
7773	#BDBEA9
7774	#B9DFBB
7775	#A56FA9
7776	#AF597E
7777	#C2A52F
7778	#2B96A5
7779	#0A6991
7780	#905A51
7781	#DA2D46
7782	#A22672
7783	#6324B3
7784	#259F95
7785	#198615
7786	#143B12
7787	#080D11
7788	#010080
7789	#0000CC
7790	#0000CC
7791	#000093
7792	#00000C
7793	#000000
7794	#000000
7795	#000000
7796	#000000
7797	#AAAAAA
7798	#FFFFFF
7799	#FFFFFF
7800	#FFFFFF
7801	#FFFFFF
7802	#FFFFFF
7803	#FFFFFF
7804	#E9E9E9
7805	#121212
7806	#000000
7807	#000000
7808	#000000
7809	#040404
7810	#0D0D0D
7811	#151515
7812	#1C1C1C
7813	#252525
7814	#292929
7815	#2D2D2D
7816	#323232
7817	#3F3F3F
7818	#666666
7819	#757575
7820	#9A9A9A
7821	#A1A1A1
7822	#A1A1A1
7823	#A8A8A8
7824	#B9B9B9
7825	#B2B2B2
7826	#9B9B9B
7827	#A2A2A2
7828	#A2A2A2
7829	#A6A6A6
7830	#9C9C9C
7831	#8C8C8C
7832	#828282
7833	#828282
7834	#828282
7835	#717171
7836	#7A7A7A
7837	#898989
7838	#8A8A8A
7839	#8A8A8A
7840	#949494
7841	#A5A5A5
7842	#B2B2B2
7843	#B8B8B8
7844	#C1C1C1
7845	#C3C3C3
7846	#C2C2C2
7847	#C4C4C4
7848	#C7C7C7
7849	#C6C6C6
7850	#C6C6C6
7851	#C7C7C7
7852	#C5C5C5
7853	#BFBFBF
7854	#C4C4C4
7855	#C2C2C2
7856	#C1C1C1
7857	#BEBEBE
7858	#BCBCBC
7859	#A8A8A8
7860	#7D7D7D
7861	#848484
7862	#7A7A7A
7863	#737373
7864	#666666
7865	#6F6F6F
7866	#6C6C6C
7867	#737373
7868	#838383
7869	#959595
7870	#9E9E9E
7871	#9C9C9C
7872	#9D9D9D
7873	#979797
7874	#9D9D9D
7875	#BEBEBE
7876	#B9B9B9
7877	#A6A6A6
7878	#A0A0A0
7879	#A1A1A1
7880	#878787
7881	#646464
7882	#383838
7883	#282828
7884	#282828
7885	#212121
7886	#1E1E1E
7887	#181818
7888	#0F0F0F
7889	#040404
7890	#000000
7891	#000000
7892	#000000
7893	#000000
7894	#000000
7895	#000000
7896	#000000
7897	#000000
7898	#323232
7899	#FFFFFF
7900	#FFFFFF
7901	#FFFFFF
7902	#FFFFFF
7903	#5B5B5B
7904	#000000
7905	#000000
7906	#000000
7907	#010101
7908	#090909
7909	#131313
7910	#181818
7911	#222222
7912	#282828
7913	#2B2B2B
7914	#313131
7915	#363636
7916	#5A5A5A
7917	#6F6F6F
7918	#8C8C8C
7919	#A2A2A2
7920	#A0A0A0
7921	#A4A4A4
7922	#B3B3B3
7923	#B9B9B9
7924	#A0A0A0
7925	#9E9E9E
7926	#A3A3A3
7927	#A5A5A5
7928	#A3A3A3
7929	#919191
7930	#858585
7931	#818181
7932	#848484
7933	#777777
7934	#747474
7935	#848484
7936	#8C8C8C
7937	#898989
7938	#909090
7939	#9E9E9E
7940	#AEAEAE
7941	#B6B6B6
7942	#BEBEBE
7943	#C3C3C3
7944	#C2C2C2
7945	#C3C3C3
7946	#C7C7C7
7947	#C7C7C7
7948	#C5C5C5
7949	#C7C7C7
7950	#C7C7C7
7951	#C1C1C1
7952	#C2C2C2
7953	#C4C4C4
7954	#C1C1C1
7955	#BFBFBF
7956	#BCBCBC
7957	#B5B5B5
7958	#888888
7959	#808080
7960	#7F7F7F
7961	#767676
7962	#696969
7963	#6C6C6C
7964	#6E6E6E
7965	#6F6F6F
7966	#7C7C7C
7967	#8F8F90
7968	#9C9C8D
7969	#9D9D60
7970	#9D9D57
7971	#9A9A51
7972	#969652
7973	#B4B4A1
7974	#BFE2C1
7975	#AB67AE
7976	#A2398E
7977	#CB9834
7978	#AE9877
7979	#BA6FB5
7980	#C8477A
7981	#B02767
7982	#8A268D
7983	#5037C1
7984	#22AE77
7985	#1B8416
7986	#134113
7987	#071404
7988	#010107
7989	#000065
7990	#000053
7991	#00000B
7992	#000000
7993	#000000
7994	#000000
7995	#000000
7996	#000000
7997	#A7A7A7
7998	#FFFFFF
7999	#FFFFFF
8000	#FFFFFF
8001	#FFFFFF
8002	#FFFFFF
8003	#FFFFFF
8004	#E9E9E9
8005	#121212
8006	#000000
8007	#000000
8008	#000000
8009	#030303
8010	#0B0B0B
8011	#151515
8012	#1A1A1A
8013	#232323
8014	#2A2A2A
8015	#2D2D2D
8016	#313131
8017	#404040
8018	#696969
8019	#737373
8020	#949494
8021	#A0A0A0
8022	#9E9E9E
8023	#ADADAD
8024	#BABABA
8025	#A9A9A9
8026	#A1A1A1
8027	#A2A2A2
8028	#A3A3A3
8029	#959595
8030	#818181
8031	#7F7F7F
8032	#7D7D7D
8033	#818181
8034	#818181
8035	#717171
8036	#828282
8037	#9E9E9E
8038	#9D9D9D
8039	#979797
8040	#A5A5A5
8041	#B1B1B1
8042	#BABABA
8043	#BEBEBE
8044	#C2C2C2
8045	#C2C2C2
8046	#BEBEBE
8047	#C1C1C1
8048	#C4C4C4
8049	#C1C1C1
8050	#C1C1C1
8051	#C4C4C4
8052	#C7C7C7
8053	#C7C7C7
8054	#C8C8C8
8055	#C5C5C5
8056	#C2C2C2
8057	#BEBEBE
8058	#BBBBBB
8059	#B6B6B6
8060	#979797
8061	#919191
8062	#8B8B8B
8063	#808080
8064	#6B6B6B
8065	#6C6C6C
8066	#717171
8067	#747474
8068	#6E6E6E
8069	#7A7A7A
8070	#959595
8071	#A2A2A2
8072	#9D9D9D
8073	#9E9E9E
8074	#9F9F9F
8075	#BBBBBB
8076	#BFBFBF
8077	#AAAAAA
8078	#9F9F9F
8079	#A2A2A2
8080	#8A8A8A
8081	#666666
8082	#3D3D3D
8083	#282828
8084	#282828
8085	#222222
8086	#1F1F1F
8087	#181818
8088	#0E0E0E
8089	#030303
8090	#000000
8091	#000000
8092	#000000
8093	#000000
8094	#000000
8095	#000000
8096	#000000
8097	#000000
8098	#323232
8099	#FFFFFF
8100	#FFFFFF
8101	#FFFFFF
8102	#FFFFFF
8103	#5B5B5B
8104	#000000
8105	#000000
8106	#000000
8107	#010101
8108	#080808
8109	#121212
8110	#181818
8111	#202020
8112	#272727
8113	#2C2C2C
8114	#2F2F2F
8115	#363636
8116	#5C5C5C
8117	#707070
8118	#858585
8119	#A1A1A1
8120	#9D9D9D
8121	#A5A5A5
8122	#B8B8B8
8123	#B2B2B2
8124	#A1A1A1
8125	#A2A2A2
8126	#A3A3A3
8127	#9D9D9D
8128	#878787
8129	#7E7E7E
8130	#7F7F7F
8131	#7F7F7F
8132	#848484
8133	#767676
8134	#777777
8135	#979797
8136	#A0A0A0
8137	#989898
8138	#9E9E9E
8139	#ADADAD
8140	#B7B7B7
8141	#BDBDBD
8142	#C1C1C1
8143	#C3C3C3
8144	#BFBFBF
8145	#BFBFBF
8146	#C3C3C3
8147	#C2C2C2
8148	#C0C0C0
8149	#C3C3C3
8150	#C7C7C7
8151	#C7C7C7
8152	#C8C8C8
8153	#C7C7C7
8154	#C3C3C3
8155	#C0C0C0
8156	#BCBCBC
8157	#BABABA
8158	#A3A3A3
8159	#909090
8160	#8F8F8F
8161	#868686
8162	#717171
8163	#6B6B6B
8164	#6F6F6F
8165	#757575
8166	#6F6F6F
8167	#747476
8168	#8A8A7A
8169	#A0A066
8170	#9E9E5D
8171	#9E9E59
8172	#9C9C5B
8173	#AFAF9D
8174	#C2E0C3
8175	#B37BB3
8176	#A0209F
8177	#B07A5B
8178	#DB9C4E
8179	#D670CE
8180	#BF50AA
8181	#8B2A8D
8182	#6C22AC
8183	#3B62D1
8184	#20C14B
8185	#1A7E15
8186	#124712
8187	#061E07
8188	#000800
8189	#000100
8190	#000000
8191	#000000
8192	#000000
8193	#000000
8194	#000000
8195	#000000
8196	#000000
8197	#A7A7A7
8198	#FFFFFF
8199	#FFFFFF
8200	#FFFFFF
8201	#FFFFFF
8202	#FFFFFF
8203	#FFFFFF
8204	#E9E9E9
8205	#121212
8206	#000000
8207	#000000
8208	#000000
8209	#010101
8210	#090909
8211	#141414
8212	#1A1A1A
8213	#222222
8214	#292929
8215	#2D2D2D
8216	#2F2F2F
8217	#424242
8218	#696969
8219	#717171
8220	#8F8F8F
8221	#9E9E9E
8222	#9C9C9C
8223	#B0B0B0
8224	#B9B9B9
8225	#A8A8A8
8226	#A3A3A3
8227	#A4A4A4
8228	#989898
8229	#8A8A8A
8230	#808080
8231	#767676
8232	#737373
8233	#727272
8234	#7C7C7C
8235	#888888
8236	#8C8C8C
8237	#9A9A9A
8238	#9C9C9C
8239	#999999
8240	#A7A7A7
8241	#B6B6B6
8242	#BFBFBF
8243	#BFBFBF
8244	#C3C3C3
8245	#C8C8C8
8246	#C3C3C3
8247	#C3C3C3
8248	#C6C6C6
8249	#C6C6C6
8250	#C7C7C7
8251	#CACACA
8252	#C6C6C6
8253	#C4C4C4
8254	#C8C8C8
8255	#C6C6C6
8256	#C2C2C2
8257	#C0C0C0
8258	#BDBDBD
8259	#BEBEBE
8260	#ACACAC
8261	#979797
8262	#8E8E8E
8263	#868686
8264	#868686
8265	#808080
8266	#7C7C7C
8267	#777777
8268	#777777
8269	#797979
8270	#7F7F7F
8271	#969696
8272	#A2A2A2
8273	#A0A0A0
8274	#AAAAAA
8275	#B9B9B9
8276	#C0C0C0
8277	#AFAFAF
8278	#A0A0A0
8279	#A0A0A0
8280	#8E8E8E
8281	#666666
8282	#444444
8283	#2A2A2A
8284	#272727
8285	#232323
8286	#1F1F1F
8287	#181818
8288	#0D0D0D
8289	#020202
8290	#000000
8291	#000000
8292	#000000
8293	#000000
8294	#000000
8295	#000000
8296	#000000
8297	#000000
8298	#323232
8299	#FFFFFF
8300	#FFFFFF
8301	#FFFFFF
8302	#FFFFFF
8303	#5B5B5B
8304	#000000
8305	#000000
8306	#000000
8307	#000000
8308	#050505
8309	#111111
8310	#181818
8311	#1F1F1F
8312	#272727
8313	#2C2C2C
8314	#2E2E2E
8315	#363636
8316	#5D5D5D
8317	#6F6F6F
8318	#808080
8319	#9E9E9E
8320	#9B9B9B
8321	#A7A7A7
8322	#BABABA
8323	#AEAEAE
8324	#A4A4A4
8325	#A3A3A3
8326	#9F9F9F
8327	#8D8D8D
8328	#858585
8329	#787878
8330	#747474
8331	#717171
8332	#787878
8333	#848484
8334	#898989
8335	#969696
8336	#9D9D9D
8337	#999999
8338	#A0A0A0
8339	#B2B2B2
8340	#BCBCBC
8341	#C0C0C0
8342	#C0C0C0
8343	#C7C7C7
8344	#C5C5C5
8345	#C2C2C2
8346	#C5C5C5
8347	#C6C6C6
8348	#C6C6C6
8349	#C9C9C9
8350	#C9C9C9
8351	#C4C4C4
8352	#C6C6C6
8353	#C7C7C7
8354	#C3C3C3
8355	#C1C1C1
8356	#BEBEBE
8357	#BEBEBE
8358	#B6B6B6
8359	#9C9C9C
8360	#929292
8361	#888888
8362	#868686
8363	#828282
8364	#7D7D7D
8365	#797979
8366	#767676
8367	#79797A
8368	#7A7A71
8369	#8C8C58
8370	#A1A163
8371	#A1A160
8372	#A4A466
8373	#B4B3A2
8374	#BFD5C1
8375	#B8D8B8
8376	#A330A6
8377	#A14988
8378	#B7903F
8379	#AA74A3
8380	#9A54E2
8381	#6A29B5
8382	#4D32CF
8383	#2BB1BA
8384	#21B42B
8385	#1A7919
8386	#124B12
8387	#052605
8388	#001300
8389	#000800
8390	#000300
8391	#000000
8392	#000000
8393	#000000
8394	#000000
8395	#000000
8396	#000000
8397	#A7A7A7
8398	#FFFFFF
8399	#FFFFFF
8400	#FFFFFF
8401	#FFFFFF
8402	#FFFFFF
8403	#FFFFFF
8404	#E9E9E9
8405	#121212
8406	#000000
8407	#000000
8408	#000000
8409	#010101
8410	#090909
8411	#131313
8412	#1A1A1A
8413	#202020
8414	#282828
8415	#2D2D2D
8416	#2E2E2E
8417	#444444
8418	#6C6C6C
8419	#717171
8420	#8B8B8B
8421	#9E9E9E
8422	#9D9D9D
8423	#B4B4B4
8424	#B9B9B9
8425	#A8A8A8
8426	#A4A4A4
8427	#9B9B9B
8428	#828282
8429	#848484
8430	#838383
8431	#797979
8432	#7B7B7B
8433	#808080
8434	#828282
8435	#8D8D8D
8436	#8B8B8B
8437	#969696
8438	#9D9D9D
8439	#9D9D9D
8440	#9A9A9A
8441	#ADADAD
8442	#BDBDBD
8443	#BDBDBD
8444	#C3C3C3
8445	#CACACA
8446	#C9C9C9
8447	#CACACA
8448	#CACACA
8449	#CBCBCB
8450	#CBCBCB
8451	#CCCCCC
8452	#C9C9C9
8453	#C1C1C1
8454	#C4C4C4
8455	#C0C0C0
8456	#BABABA
8457	#B8B8B8
8458	#B5B5B5
8459	#B7B7B7
8460	#B4B4B4
8461	#9A9A9A
8462	#8B8B8B
8463	#8B8B8B
8464	#8B8B8B
8465	#8A8A8A
8466	#898989
8467	#868686
8468	#7F7F7F
8469	#797979
8470	#797979
8471	#7F7F7F
8472	#949494
8473	#A7A7A7
8474	#B1B1B1
8475	#B8B8B8
8476	#C0C0C0
8477	#B1B1B1
8478	#A2A2A2
8479	#9F9F9F
8480	#929292
8481	#676767
8482	#484848
8483	#2A2A2A
8484	#282828
8485	#252525
8486	#1F1F1F
8487	#171717
8488	#0C0C0C
8489	#020202
8490	#000000
8491	#000000
8492	#000000
8493	#000000
8494	#000000
8495	#000000
8496	#000000
8497	#000000
8498	#323232
8499	#FFFFFF
8500	#FFFFFF
8501	#FFFFFF
8502	#FFFFFF
8503	#5B5B5B
8504	#000000
8505	#000000
8506	#000000
8507	#000000
8508	#050505
8509	#101010
8510	#181818
8511	#1E1E1E
8512	#252525
8513	#2B2B2B
8514	#2D2D2D
8515	#373737
8516	#626262
8517	#707070
8518	#7E7E7E
8519	#9D9D9D
8520	#9B9B9B
8521	#ABABAB
8522	#BBBBBB
8523	#AEAEAE
8524	#A4A4A4
8525	#A2A2A2
8526	#8A8A8A
8527	#808080
8528	#868686
8529	#7C7C7C
8530	#797979
8531	#7F7F7F
8532	#808080
8533	#8A8A8A
8534	#8B8B8B
8535	#939393
8536	#9A9A9A
8537	#9F9F9F
8538	#989898
8539	#A5A5A5
8540	#BABABA
8541	#BEBEBE
8542	#C0C0C0
8543	#C9C9C9
8544	#C9C9C9
8545	#CACACA
8546	#CACACA
8547	#CBCBCB
8548	#CBCBCB
8549	#CBCBCB
8550	#CBCBCB
8551	#C3C3C3
8552	#C2C2C2
8553	#C2C2C2
8554	#BBBBBB
8555	#B8B8B8
8556	#B6B6B6
8557	#B6B6B6
8558	#B8B8B8
8559	#A5A5A5
8560	#8D8D8D
8561	#8A8A8A
8562	#8A8A8A
8563	#8B8B8B
8564	#888888
8565	#888888
8566	#818181
8567	#7A7A7B
8568	#787877
8569	#7C7C50
8570	#8A8A4F
8571	#A2A265
8572	#AEAE73
8573	#B5B4A4
8574	#BFCDC1
8575	#B9F3B9
8576	#A662A7
8577	#9E249E
8578	#A25C6B
8579	#8D693F
8580	#7A56A0
8581	#4D3FDE
8582	#34B1DA
8583	#26D150
8584	#22A01D
8585	#1A741A
8586	#114B11
8587	#042A04
8588	#001800
8589	#000D00
8590	#000700
8591	#000400
8592	#000000
8593	#000000
8594	#000000
8595	#000000
8596	#000000
8597	#A7A7A7
8598	#FFFFFF
8599	#FFFFFF
8600	#FFFFFF
8601	#FFFFFF
8602	#FFFFFF
8603	#FFFFFF
8604	#E9E9E9
8605	#131313
8606	#000000
8607	#000000
8608	#000000
8609	#010101
8610	#060606
8611	#111111
8612	#1A1A1A
8613	#1F1F1F
8614	#272727
8615	#2D2D2D
8616	#2F2F2F
8617	#484848
8618	#6E6E6E
8619	#737373
8620	#8A8A8A
8621	#9A9A9A
8622	#9E9E9E
8623	#B8B8B8
8624	#B9B9B9
8625	#A7A7A7
8626	#A1A1A1
8627	#888888
8628	#818181
8629	#7F7F7F
8630	#848484
8631	#8A8A8A
8632	#8B8B8B
8633	#8A8A8A
8634	#898989
8635	#929292
8636	#8F8F8F
8637	#868686
8638	#868686
8639	#888888
8640	#828282
8641	#9E9E9E
8642	#BABABA
8643	#BCBCBC
8644	#C2C2C2
8645	#C9C9C9
8646	#C9C9C9
8647	#CACACA
8648	#CACACA
8649	#CACACA
8650	#CBCBCB
8651	#CCCCCC
8652	#C9C9C9
8653	#BFBFBF
8654	#BDBDBD
8655	#BCBCBC
8656	#B9B9B9
8657	#B6B6B6
8658	#B6B6B6
8659	#B6B6B6
8660	#B6B6B6
8661	#A0A0A0
8662	#848484
8663	#949494
8664	#929292
8665	#8F8F8F
8666	#8A8A8A
8667	#8B8B8B
8668	#8B8B8B
8669	#838383
8670	#7B7B7B
8671	#7C7C7C
8672	#848484
8673	#A0A0A0
8674	#B4B4B4
8675	#B8B8B8
8676	#BFBFBF
8677	#B2B2B2
8678	#A4A4A4
8679	#9D9D9D
8680	#969696
8681	#6D6D6D
8682	#4F4F4F
8683	#2D2D2D
8684	#292929
8685	#252525
8686	#1F1F1F
8687	#171717
8688	#0A0A0A
8689	#010101
8690	#000000
8691	#000000
8692	#000000
8693	#000000
8694	#000000
8695	#000000
8696	#000000
8697	#000000
8698	#343434
8699	#FFFFFF
8700	#FFFFFF
8701	#FFFFFF
8702	#FFFFFF
8703	#5D5D5D
8704	#000000
8705	#000000
8706	#000000
8707	#000000
8708	#030303
8709	#0D0D0D
8710	#181818
8711	#1D1D1D
8712	#242424
8713	#2B2B2B
8714	#2E2E2E
8715	#393939
8716	#656565
8717	#717171
8718	#7E7E7E
8719	#999999
8720	#999999
8721	#AFAFAF
8722	#BDBDBD
8723	#ABABAB
8724	#A5A5A5
8725	#929292
8726	#818181
8727	#818181
8728	#818181
8729	#898989
8730	#8B8B8B
8731	#8A8A8A
8732	#888888
8733	#8F8F8F
8734	#929292
8735	#898989
8736	#858585
8737	#888888
8738	#838383
8739	#8F8F8F
8740	#B4B4B4
8741	#BCBCBC
8742	#BEBEBE
8743	#C8C8C8
8744	#C9C9C9
8745	#CACACA
8746	#CACACA
8747	#CACACA
8748	#CBCBCB
8749	#CBCBCB
8750	#CBCBCB
8751	#C2C2C2
8752	#BDBDBD
8753	#BDBDBD
8754	#BBBBBB
8755	#B7B7B7
8756	#B6B6B6
8757	#B6B6B6
8758	#B7B7B7
8759	#ACACAC
8760	#888888
8761	#8E8E8E
8762	#939393
8763	#919191
8764	#8B8B8B
8765	#8B8B8B
8766	#8C8C8C
8767	#888888
8768	#7C7C7B
8769	#7C7C51
8770	#7E7E45
8771	#95955A
8772	#B0B077
8773	#B7B6A7
8774	#BDC9BF
8775	#B9EEB9
8776	#A7A8A7
8777	#9F13A1
8778	#9C3A97
8779	#803849
8780	#631D1C
8781	#3D9BB2
8782	#29E086
8783	#27B722
8784	#219221
8785	#1B6C1B
8786	#0F460F
8787	#032803
8788	#001900
8789	#000F00
8790	#000800
8791	#000400
8792	#000000
8793	#000000
8794	#000000
8795	#000000
8796	#000000
8797	#A8A8A8
8798	#FFFFFF
8799	#FFFFFF
8800	#FFFFFF
8801	#FFFFFF
8802	#FFFFFF
8803	#FFFFFF
8804	#E9E9E9
8805	#141414
8806	#000000
8807	#000000
8808	#000000
8809	#000000
8810	#040404
8811	#101010
8812	#1A1A1A
8813	#202020
8814	#262626
8815	#2D2D2D
8816	#2F2F2F
8817	#4B4B4B
8818	#6E6E6E
8819	#727272
8820	#898989
8821	#9A9A9A
8822	#A2A2A2
8823	#BCBCBC
8824	#B9B9B9
8825	#A6A6A6
8826	#929292
8827	#828282
8828	#7F7F7F
8829	#848484
8830	#929292
8831	#959595
8832	#8F8F8F
8833	#8E8E8E
8834	#898989
8835	#7A7A7A
8836	#737373
8837	#757575
8838	#7F7F7F
8839	#828282
8840	#7F7F7F
8841	#999999
8842	#BABABA
8843	#BBBBBB
8844	#BFBFBF
8845	#C7C7C7
8846	#C9C9C9
8847	#CACACA
8848	#C9C9C9
8849	#C9C9C9
8850	#CACACA
8851	#CBCBCB
8852	#C9C9C9
8853	#BDBDBD
8854	#B8B8B8
8855	#B7B7B7
8856	#B8B8B8
8857	#B8B8B8
8858	#B7B7B7
8859	#B8B8B8
8860	#BABABA
8861	#B4B4B4
8862	#898989
8863	#6C6C6C
8864	#6A6A6A
8865	#848484
8866	#8D8D8D
8867	#888888
8868	#8F8F8F
8869	#8E8E8E
8870	#868686
8871	#808080
8872	#8C8C8C
8873	#959595
8874	#A9A9A9
8875	#B8B8B8
8876	#BEBEBE
8877	#B6B6B6
8878	#A5A5A5
8879	#9E9E9E
8880	#989898
8881	#767676
8882	#555555
8883	#333333
8884	#292929
8885	#262626
8886	#1F1F1F
8887	#161616
8888	#090909
8889	#000000
8890	#000000
8891	#000000
8892	#000000
8893	#000000
8894	#000000
8895	#000000
8896	#000000
8897	#000000
8898	#353535
8899	#FFFFFF
8900	#FFFFFF
8901	#FFFFFF
8902	#FFFFFF
8903	#5D5D5D
8904	#000000
8905	#000000
8906	#000000
8907	#000000
8908	#020202
8909	#0B0B0B
8910	#161616
8911	#1E1E1E
8912	#232323
8913	#2B2B2B
8914	#2F2F2F
8915	#3A3A3A
8916	#676767
8917	#707070
8918	#7E7E7E
8919	#979797
8920	#9C9C9C
8921	#B3B3B3
8922	#BFBFBF
8923	#ACACAC
8924	#9B9B9B
8925	#858585
8926	#7F7F7F
8927	#818181
8928	#8D8D8D
8929	#969696
8930	#929292
8931	#8D8D8D
8932	#8D8D8D
8933	#7F7F7F
8934	#757575
8935	#727272
8936	#7C7C7C
8937	#828282
8938	#7F7F7F
8939	#8A8A8A
8940	#B3B3B3
8941	#BCBCBC
8942	#BCBCBC
8943	#C4C4C4
8944	#C9C9C9
8945	#CACACA
8946	#C9C9C9
8947	#C9C9C9
8948	#CACACA
8949	#CBCBCB
8950	#CBCBCB
8951	#C2C2C2
8952	#B9B9B9
8953	#B7B7B7
8954	#B8B8B8
8955	#B9B9B9
8956	#B7B7B7
8957	#B8B8B8
8958	#B9B9B9
8959	#B9B9B9
8960	#9C9C9C
8961	#727272
8962	#686868
8963	#7A7A7A
8964	#8D8D8D
8965	#8A8A8A
8966	#8C8C8C
8967	#8F8F8F
8968	#8A8A89
8969	#808071
8970	#878754
8971	#919158
8972	#A0A071
8973	#B4B4B1
8974	#BCC6BD
8975	#BBE3BB
8976	#AAE2AA
8977	#A03BA0
8978	#9C179D
8979	#851D85
8980	#5F4756
8981	#3EC442
8982	#2ABF2A
8983	#27A127
8984	#227F22
8985	#1A5F1A
8986	#0E3C0E
8987	#022102
8988	#001400
8989	#000C00
8990	#000700
8991	#000300
8992	#000000
8993	#000000
8994	#000000
8995	#000000
8996	#000000
8997	#A9A9A9
8998	#FFFFFF
8999	#FFFFFF
9000	#FFFFFF
9001	#FFFFFF
9002	#FFFFFF
9003	#FFFFFF
9004	#E9E9E9
9005	#121212
9006	#000000
9007	#000000
9008	#000000
9009	#000000
9010	#040404
9011	#0E0E0E
9012	#191919
9013	#202020
9014	#252525
9015	#2D2D2D
9016	#303030
9017	#4D4D4D
9018	#6D6D6D
9019	#757575
9020	#878787
9021	#9B9B9B
9022	#A8A8A8
9023	#BEBEBE
9024	#BABABA
9025	#9D9D9D
9026	#828282
9027	#7D7D7D
9028	#848484
9029	#8F8F8F
9030	#919191
9031	#8F8F8F
9032	#8B8B8B
9033	#7B7B7B
9034	#686868
9035	#646464
9036	#707070
9037	#838383
9038	#898989
9039	#808080
9040	#7A7A7A
9041	#989898
9042	#B6B6B6
9043	#B7B7B7
9044	#BFBFBF
9045	#C8C8C8
9046	#C9C9C9
9047	#C8C8C8
9048	#C9C9C9
9049	#CACACA
9050	#CCCCCC
9051	#CDCDCD
9052	#CBCBCB
9053	#C1C1C1
9054	#BDBDBD
9055	#B8B8B8
9056	#B5B5B5
9057	#B5B5B5
9058	#B6B6B6
9059	#B8B8B8
9060	#BDBDBD
9061	#B4B4B4
9062	#969696
9063	#666666
9064	#5C5C5C
9065	#6C6C6C
9066	#6C6C6C
9067	#777777
9068	#8E8E8E
9069	#939393
9070	#979797
9071	#9B9B9B
9072	#979797
9073	#949494
9074	#9C9C9C
9075	#AEAEAE
9076	#BABABA
9077	#BABABA
9078	#ABABAB
9079	#9E9E9E
9080	#989898
9081	#7D7D7D
9082	#5D5D5D
9083	#393939
9084	#292929
9085	#262626
9086	#1E1E1E
9087	#141414
9088	#080808
9089	#000000
9090	#000000
9091	#000000
9092	#000000
9093	#000000
9094	#000000
9095	#000000
9096	#000000
9097	#000000
9098	#323232
9099	#FFFFFF
9100	#FFFFFF
9101	#FFFFFF
9102	#FFFFFF
9103	#5B5B5B
9104	#000000
9105	#000000
9106	#000000
9107	#000000
9108	#020202
9109	#0A0A0A
9110	#151515
9111	#1E1E1E
9112	#232323
9113	#2A2A2A
9114	#303030
9115	#3D3D3D
9116	#666666
9117	#717171
9118	#7E7E7E
9119	#969696
9120	#A0A0A0
9121	#B8B8B8
9122	#BEBEBE
9123	#ABABAB
9124	#898989
9125	#7E7E7E
9126	#808080
9127	#8C8C8C
9128	#929292
9129	#909090
9130	#8E8E8E
9131	#828282
9132	#6E6E6E
9133	#636363
9134	#6A6A6A
9135	#7D7D7D
9136	#888888
9137	#858585
9138	#7A7A7A
9139	#888888
9140	#B1B1B1
9141	#B7B7B7
9142	#BBBBBB
9143	#C6C6C6
9144	#C9C9C9
9145	#C8C8C8
9146	#C8C8C8
9147	#CACACA
9148	#CBCBCB
9149	#CCCCCC
9150	#CDCDCD
9151	#C5C5C5
9152	#BEBEBE
9153	#BABABA
9154	#B5B5B5
9155	#B5B5B5
9156	#B5B5B5
9157	#B7B7B7
9158	#BBBBBB
9159	#B9B9B9
9160	#A4A4A4
9161	#757575
9162	#5B5B5B
9163	#666666
9164	#6F6F6F
9165	#6F6F6F
9166	#878787
9167	#939393
9168	#959595
9169	#9A9A96
9170	#999969
9171	#94945B
9172	#989873
9173	#A6A6A6
9174	#B8BFB8
9175	#BBD9BB
9176	#B2F0B2
9177	#A1CFA1
9178	#9B399B
9179	#8B498B
9180	#67E768
9181	#46D145
9182	#2BA12B
9183	#278A27
9184	#226B22
9185	#184D18
9186	#0C2D0C
9187	#021702
9188	#000C00
9189	#000600
9190	#000300
9191	#000000
9192	#000000
9193	#000000
9194	#000000
9195	#000000
9196	#000000
9197	#A7A7A7
9198	#FFFFFF
9199	#FFFFFF
9200	#FFFFFF
9201	#FFFFFF
9202	#FFFFFF
9203	#FFFFFF
9204	#E9E9E9
9205	#121212
9206	#000000
9207	#000000
9208	#000000
9209	#000000
9210	#030303
9211	#0C0C0C
9212	#171717
9213	#202020
9214	#262626
9215	#2C2C2C
9216	#313131
9217	#505050
9218	#6C6C6C
9219	#747474
9220	#878787
9221	#9D9D9D
9222	#ADADAD
9223	#BFBFBF
9224	#B6B6B6
9225	#9B9B9B
9226	#838383
9227	#858585
9228	#8F8F8F
9229	#8F8F8F
9230	#8F8F8F
9231	#898989
9232	#767676
9233	#676767
9234	#626262
9235	#626262
9236	#757575
9237	#858585
9238	#888888
9239	#7F7F7F
9240	#777777
9241	#9F9F9F
9242	#B9B9B9
9243	#B7B7B7
9244	#C0C0C0
9245	#CACACA
9246	#CACACA
9247	#C8C8C8
9248	#C9C9C9
9249	#CACACA
9250	#CBCBCB
9251	#CECECE
9252	#CBCBCB
9253	#C3C3C3
9254	#C2C2C2
9255	#BDBDBD
9256	#B8B8B8
9257	#B5B5B5
9258	#B4B4B4
9259	#B6B6B6
9260	#B8B8B8
9261	#AFAFAF
9262	#A8A8A8
9263	#757575
9264	#616161
9265	#696969
9266	#616161
9267	#666666
9268	#787878
9269	#949494
9270	#9F9F9F
9271	#A1A1A1
9272	#A3A3A3
9273	#9D9D9D
9274	#9C9C9C
9275	#9F9F9F
9276	#A9A9A9
9277	#BCBCBC
9278	#B4B4B4
9279	#A0A0A0
9280	#979797
9281	#828282
9282	#676767
9283	#404040
9284	#2B2B2B
9285	#262626
9286	#1E1E1E
9287	#131313
9288	#060606
9289	#000000
9290	#000000
9291	#000000
9292	#000000
9293	#000000
9294	#000000
9295	#000000
9296	#000000
9297	#000000
9298	#323232
9299	#FFFFFF
9300	#FFFFFF
9301	#FFFFFF
9302	#FFFFFF
9303	#5B5B5B
9304	#000000
9305	#000000
9306	#000000
9307	#000000
9308	#020202
9309	#080808
9310	#131313
9311	#1D1D1D
9312	#252525
9313	#292929
9314	#2F2F2F
9315	#404040
9316	#666666
9317	#717171
9318	#7D7D7D
9319	#979797
9320	#A5A5A5
9321	#BBBBBB
9322	#BBBBBB
9323	#A6A6A6
9324	#8A8A8A
9325	#828282
9326	#8C8C8C
9327	#909090
9328	#8F8F8F
9329	#8D8D8D
9330	#7E7E7E
9331	#6B6B6B
9332	#636363
9333	#626262
9334	#6B6B6B
9335	#838383
9336	#868686
9337	#858585
9338	#767676
9339	#8C8C8C
9340	#B5B5B5
9341	#B8B8B8
9342	#BABABA
9343	#C8C8C8
9344	#CACACA
9345	#C8C8C8
9346	#C9C9C9
9347	#CACACA
9348	#CACACA
9349	#CDCDCD
9350	#CDCDCD
9351	#C5C5C5
9352	#C2C2C2
9353	#BFBFBF
9354	#B9B9B9
9355	#B7B7B7
9356	#B4B4B4
9357	#B5B5B5
9358	#B8B8B8
9359	#B3B3B3
9360	#ACACAC
9361	#8C8C8C
9362	#5F5F5F
9363	#696969
9364	#636363
9365	#626262
9366	#707070
9367	#898989
9368	#9E9E9E
9369	#A0A0A1
9370	#A2A288
9371	#A0A07E
9372	#9B9B8F
9373	#9F9FA0
9374	#A2A8A2
9375	#B8D0B8
9376	#BAE7BA
9377	#A6F0A6
9378	#9AE79A
9379	#8DE98D
9380	#71E171
9381	#51BA51
9382	#2E8B2E
9383	#287328
9384	#215721
9385	#183C18
9386	#0B1E0B
9387	#010A01
9388	#000300
9389	#000100
9390	#000000
9391	#000000
9392	#000000
9393	#000000
9394	#000000
9395	#000000
9396	#000000
9397	#A7A7A7
9398	#FFFFFF
9399	#FFFFFF
9400	#FFFFFF
9401	#FFFFFF
9402	#FFFFFF
9403	#FFFFFF
9404	#E9E9E9
9405	#121212
9406	#000000
9407	#000000
9408	#000000
9409	#000000
9410	#010101
9411	#090909
9412	#151515
9413	#1E1E1E
9414	#272727
9415	#2C2C2C
9416	#333333
9417	#565656
9418	#6D6D6D
9419	#747474
9420	#8B8B8B
9421	#A1A1A1
9422	#B2B2B2
9423	#BDBDBD
9424	#ABABAB
9425	#9C9C9C
9426	#9A9A9A
9427	#969696
9428	#979797
9429	#999999
9430	#8A8A8A
9431	#6B6B6B
9432	#656565
9433	#686868
9434	#656565
9435	#646464
9436	#727272
9437	#787878
9438	#797979
9439	#848484
9440	#828282
9441	#ABABAB
9442	#BDBDBD
9443	#B8B8B8
9444	#BEBEBE
9445	#C8C8C8
9446	#C8C8C8
9447	#C9C9C9
9448	#CBCBCB
9449	#CBCBCB
9450	#CBCBCB
9451	#CDCDCD
9452	#C9C9C9
9453	#C4C4C4
9454	#C5C5C5
9455	#C3C3C3
9456	#BFBFBF
9457	#BCBCBC
9458	#BABABA
9459	#BCBCBC
9460	#BABABA
9461	#B5B5B5
9462	#B2B2B2
9463	#9C9C9C
9464	#696969
9465	#656565
9466	#767676
9467	#7A7A7A
9468	#767676
9469	#7C7C7C
9470	#969696
9471	#A2A2A2
9472	#A5A5A5
9473	#A8A8A8
9474	#A5A5A5
9475	#919191
9476	#929292
9477	#B5B5B5
9478	#BABABA
9479	#A5A5A5
9480	#969696
9481	#878787
9482	#737373
9483	#4B4B4B
9484	#2C2C2C
9485	#242424
9486	#1D1D1D
9487	#121212
9488	#050505
9489	#000000
9490	#000000
9491	#000000
9492	#000000
9493	#000000
9494	#000000
9495	#000000
9496	#000000
9497	#000000
9498	#323232
9499	#FFFFFF
9500	#FFFFFF
9501	#FFFFFF
9502	#FFFFFF
9503	#5B5B5B
9504	#000000
9505	#000000
9506	#000000
9507	#000000
9508	#010101
9509	#050505
9510	#111111
9511	#1B1B1B
9512	#242424
9513	#2B2B2B
9514	#2F2F2F
9515	#464646
9516	#696969
9517	#717171
9518	#818181
9519	#9B9B9B
9520	#ABABAB
9521	#BBBBBB
9522	#B4B4B4
9523	#9F9F9F
9524	#9A9A9A
9525	#989898
9526	#969696
9527	#999999
9528	#939393
9529	#757575
9530	#636363
9531	#696969
9532	#666666
9533	#646464
9534	#6A6A6A
9535	#7A7A7A
9536	#747474
9537	#848484
9538	#7E7E7E
9539	#9B9B9B
9540	#BBBBBB
9541	#BABABA
9542	#BABABA
9543	#C6C6C6
9544	#C8C8C8
9545	#C8C8C8
9546	#CACACA
9547	#CACACA
9548	#CBCBCB
9549	#CDCDCD
9550	#CBCBCB
9551	#C5C5C5
9552	#C5C5C5
9553	#C5C5C5
9554	#C0C0C0
9555	#BDBDBD
9556	#BABABA
9557	#BBBBBB
9558	#BBBBBB
9559	#B6B6B6
9560	#B3B3B3
9561	#AAAAAA
9562	#797979
9563	#616161
9564	#717171
9565	#7A7A7A
9566	#787878
9567	#777777
9568	#8C8C8C
9569	#A0A0A0
9570	#A4A4A4
9571	#A7A7A8
9572	#A8A8A9
9573	#999999
9574	#8C8F8C
9575	#A8BAA8
9576	#BDE0BD
9577	#AEE4AE
9578	#99E199
9579	#8FE28F
9580	#7ACF7A
9581	#5EAF5E
9582	#327832
9583	#285E28
9584	#204520
9585	#162C16
9586	#0A120A
9587	#010201
9588	#000000
9589	#000000
9590	#000000
9591	#000000
9592	#000000
9593	#000000
9594	#000000
9595	#000000
9596	#000000
9597	#A7A7A7
9598	#FFFFFF
9599	#FFFFFF
9600	#FFFFFF
9601	#FFFFFF
9602	#FFFFFF
9603	#FFFFFF
9604	#E9E9E9
9605	#121212
9606	#000000
9607	#000000
9608	#000000
9609	#000000
9610	#010101
9611	#080808
9612	#131313
9613	#1D1D1D
9614	#272727
9615	#2C2C2C
9616	#353535
9617	#5A5A5A
9618	#6C6C6C
9619	#777777
9620	#8F8F8F
9621	#A7A7A7
9622	#B5B5B5
9623	#B6B6B6
9624	#A6A6A6
9625	#A2A2A2
9626	#A6A6A6
9627	#A3A3A3
9628	#9B9B9B
9629	#868686
9630	#686868
9631	#616161
9632	#616161
9633	#626262
9634	#5B5B5B
9635	#565656
9636	#646464
9637	#6C6C6C
9638	#838383
9639	#929292
9640	#9C9C9C
9641	#B6B6B6
9642	#BEBEBE
9643	#BABABA
9644	#BFBFBF
9645	#C6C6C6
9646	#C5C5C5
9647	#C5C5C5
9648	#C6C6C6
9649	#C6C6C6
9650	#C8C8C8
9651	#CACACA
9652	#CACACA
9653	#C9C9C9
9654	#C9C9C9
9655	#C7C7C7
9656	#C1C1C1
9657	#BBBBBB
9658	#BABABA
9659	#BEBEBE
9660	#C1C1C1
9661	#BFBFBF
9662	#B7B7B7
9663	#B2B2B2
9664	#888888
9665	#6A6A6A
9666	#767676
9667	#787878
9668	#767676
9669	#7C7C7C
9670	#818181
9671	#949494
9672	#A6A6A6
9673	#A7A7A7
9674	#A1A1A1
9675	#989898
9676	#8F8F8F
9677	#A1A1A1
9678	#BCBCBC
9679	#ADADAD
9680	#959595
9681	#8A8A8A
9682	#7A7A7A
9683	#555555
9684	#2E2E2E
9685	#242424
9686	#1B1B1B
9687	#101010
9688	#030303
9689	#000000
9690	#000000
9691	#000000
9692	#000000
9693	#000000
9694	#000000
9695	#000000
9696	#000000
9697	#000000
9698	#323232
9699	#FFFFFF
9700	#FFFFFF
9701	#FFFFFF
9702	#FFFFFF
9703	#5B5B5B
9704	#000000
9705	#000000
9706	#000000
9707	#000000
9708	#000000
9709	#040404
9710	#0F0F0F
9711	#191919
9712	#242424
9713	#2B2B2B
9714	#303030
9715	#4B4B4B
9716	#696969
9717	#727272
9718	#858585
9719	#9E9E9E
9720	#B1B1B1
9721	#B9B9B9
9722	#ACACAC
9723	#A2A2A2
9724	#A5A5A5
9725	#A4A4A4
9726	#A0A0A0
9727	#909090
9728	#717171
9729	#616161
9730	#606060
9731	#626262
9732	#5F5F5F
9733	#555555
9734	#5F5F5F
9735	#686868
9736	#7A7A7A
9737	#8F8F8F
9738	#949494
9739	#AEAEAE
9740	#BDBDBD
9741	#BCBCBC
9742	#BBBBBB
9743	#C5C5C5
9744	#C6C6C6
9745	#C5C5C5
9746	#C5C5C5
9747	#C6C6C6
9748	#C7C7C7
9749	#CACACA
9750	#CACACA
9751	#C9C9C9
9752	#C9C9C9
9753	#C9C9C9
9754	#C4C4C4
9755	#BDBDBD
9756	#B9B9B9
9757	#BCBCBC
9758	#C0C0C0
9759	#C0C0C0
9760	#BABABA
9761	#B5B5B5
9762	#9D9D9D
9763	#6D6D6D
9764	#717171
9765	#797979
9766	#757575
9767	#7A7A7A
9768	#7E7E7E
9769	#8C8C8C
9770	#A1A1A2
9771	#A8A8A8
9772	#A4A4A4
9773	#9B9B9B
9774	#929492
9775	#95A295
9776	#B7D2B7
9777	#B5DEB5
9778	#9CD09C
9779	#8FCC8F
9780	#7FBF7F
9781	#67A367
9782	#376A37
9783	#284F28
9784	#1F371F
9785	#142014
9786	#070907
9787	#000000
9788	#000000
9789	#000000
9790	#000000
9791	#000000
9792	#000000
9793	#000000
9794	#000000
9795	#000000
9796	#000000
9797	#A7A7A7
9798	#FFFFFF
9799	#FFFFFF
9800	#FFFFFF
9801	#FFFFFF
9802	#FFFFFF
9803	#FFFFFF
9804	#E9E9E9
9805	#151515
9806	#000000
9807	#000000
9808	#000000
9809	#000000
9810	#000000
9811	#050505
9812	#111111
9813	#1C1C1C
9814	#252525
9815	#2D2D2D
9816	#3A3A3A
9817	#5F5F5F
9818	#6D6D6D
9819	#7C7C7C
9820	#909090
9821	#ACACAC
9822	#B4B4B4
9823	#A6A6A6
9824	#A7A7A7
9825	#ADADAD
9826	#A8A8A8
9827	#A4A4A4
9828	#929292
9829	#737373
9830	#676767
9831	#5F5F5F
9832	#585858
9833	#5D5D5D
9834	#5D5D5D
9835	#5F5F5F
9836	#747474
9837	#808080
9838	#8F8F8F
9839	#939393
9840	#A8A8A8
9841	#BBBBBB
9842	#C1C1C1
9843	#BEBEBE
9844	#C1C1C1
9845	#CACACA
9846	#C6C6C6
9847	#C3C3C3
9848	#C4C4C4
9849	#C6C6C6
9850	#CACACA
9851	#CDCDCD
9852	#CCCCCC
9853	#C8C8C8
9854	#C9C9C9
9855	#C6C6C6
9856	#C2C2C2
9857	#BEBEBE
9858	#BBBBBB
9859	#BDBDBD
9860	#C3C3C3
9861	#C3C3C3
9862	#BBBBBB
9863	#B2B2B2
9864	#A5A5A5
9865	#818181
9866	#797979
9867	#727272
9868	#6F6F6F
9869	#787878
9870	#7D7D7D
9871	#838383
9872	#8E8E8E
9873	#999999
9874	#A0A0A0
9875	#9E9E9E
9876	#9B9B9B
9877	#999999
9878	#B7B7B7
9879	#B4B4B4
9880	#9A9A9A
9881	#8D8D8D
9882	#7E7E7E
9883	#616161
9884	#333333
9885	#252525
9886	#1A1A1A
9887	#0D0D0D
9888	#020202
9889	#000000
9890	#000000
9891	#000000
9892	#000000
9893	#000000
9894	#000000
9895	#000000
9896	#000000
9897	#000000
9898	#353535
9899	#FFFFFF
9900	#FFFFFF
9901	#FFFFFF
9902	#FFFFFF
9903	#5D5D5D
9904	#000000
9905	#000000
9906	#000000
9907	#000000
9908	#000000
9909	#020202
9910	#0D0D0D
9911	#181818
9912	#222222
9913	#2B2B2B
9914	#333333
9915	#515151
9916	#6A6A6A
9917	#757575
9918	#888888
9919	#A2A2A2
9920	#B5B5B5
9921	#ACACAC
9922	#A4A4A4
9923	#ACACAC
9924	#AAAAAA
9925	#A6A6A6
9926	#9C9C9C
9927	#7C7C7C
9928	#6A6A6A
9929	#626262
9930	#5A5A5A
9931	#595959
9932	#606060
9933	#5A5A5A
9934	#6D6D6D
9935	#7B7B7B
9936	#8B8B8B
9937	#929292
9938	#9E9E9E
9939	#B6B6B6
9940	#C0C0C0
9941	#C0C0C0
9942	#BFBFBF
9943	#C8C8C8
9944	#C8C8C8
9945	#C3C3C3
9946	#C3C3C3
9947	#C5C5C5
9948	#C9C9C9
9949	#CCCCCC
9950	#CDCDCD
9951	#C9C9C9
9952	#C9C9C9
9953	#C8C8C8
9954	#C4C4C4
9955	#C0C0C0
9956	#BBBBBB
9957	#BCBCBC
9958	#C0C0C0
9959	#C4C4C4
9960	#BFBFBF
9961	#B5B5B5
9962	#ADADAD
9963	#8E8E8E
9964	#797979
9965	#767676
9966	#6E6E6E
9967	#747474
9968	#7D7D7D
9969	#7F7F7F
9970	#8B8B8B
9971	#949494
9972	#9F9F9F
9973	#9E9E9E
9974	#9D9E9D
9975	#969F96
9976	#ACBEAC
9977	#BAD6BA
9978	#A3C8A3
9979	#92BE92
9980	#83B183
9981	#709B70
9982	#406540
9983	#294529
9984	#1E301E
9985	#121B12
9986	#060706
9987	#000000
9988	#000000
9989	#000000
9990	#000000
9991	#000000
9992	#000000
9993	#000000
9994	#000000
9995	#000000
9996	#000000
9997	#A9A9A9
9998	#FFFFFF
9999	#FFFFFF
10000	#FFFFFF
10001	#FFFFFF
10002	#FFFFFF
10003	#FFFFFF
10004	#E9E9E9
10005	#131313
10006	#000000
10007	#000000
10008	#000000
10009	#000000
10010	#000000
10011	#040404
10012	#0F0F0F
10013	#1B1B1B
10014	#252525
10015	#2E2E2E
10016	#3D3D3D
10017	#646464
10018	#6F6F6F
10019	#808080
10020	#959595
10021	#B2B2B2
10022	#ACACAC
10023	#979797
10024	#AAAAAA
10025	#ACACAC
10026	#A8A8A8
10027	#9C9C9C
10028	#7E7E7E
10029	#747474
10030	#717171
10031	#6A6A6A
10032	#686868
10033	#737373
10034	#787878
10035	#808080
10036	#878787
10037	#7B7B7B
10038	#939393
10039	#9A9A9A
10040	#B0B0B0
10041	#BDBDBD
10042	#C2C2C2
10043	#BFBFBF
10044	#C3C3C3
10045	#CCCCCC
10046	#CACACA
10047	#C7C7C7
10048	#C9C9C9
10049	#CCCCCC
10050	#CECECE
10051	#D0D0D0
10052	#CECECE
10053	#C8C8C8
10054	#C8C8C8
10055	#C2C2C2
10056	#BCBCBC
10057	#B9B9B9
10058	#B8B8B8
10059	#B8B8B8
10060	#BEBEBE
10061	#C4C4C4
10062	#C3C3C3
10063	#BABABA
10064	#B2B2B2
10065	#9E9E9E
10066	#878787
10067	#898989
10068	#8C8C8C
10069	#7D7D7D
10070	#7B7B7B
10071	#717171
10072	#6D6D6D
10073	#787878
10074	#989898
10075	#A3A3A3
10076	#A1A1A1
10077	#9E9E9E
10078	#B5B5B5
10079	#B8B8B8
10080	#A0A0A0
10081	#919191
10082	#828282
10083	#6C6C6C
10084	#3B3B3B
10085	#252525
10086	#191919
10087	#0C0C0C
10088	#020202
10089	#000000
10090	#000000
10091	#000000
10092	#000000
10093	#000000
10094	#000000
10095	#000000
10096	#000000
10097	#000000
10098	#333333
10099	#FFFFFF
10100	#FFFFFF
10101	#FFFFFF
10102	#FFFFFF
10103	#5C5C5C
10104	#000000
10105	#000000
10106	#000000
10107	#000000
10108	#000000
10109	#010101
10110	#0A0A0A
10111	#171717
10112	#212121
10113	#2B2B2B
10114	#353535
10115	#575757
10116	#6C6C6C
10117	#797979
10118	#8B8B8B
10119	#A9A9A9
10120	#B4B4B4
10121	#9A9A9A
10122	#A2A2A2
10123	#ADADAD
10124	#A9A9A9
10125	#A3A3A3
10126	#898989
10127	#757575
10128	#747474
10129	#6C6C6C
10130	#696969
10131	#6D6D6D
10132	#797979
10133	#7A7A7A
10134	#898989
10135	#7C7C7C
10136	#8B8B8B
10137	#989898
10138	#A6A6A6
10139	#BABABA
10140	#C1C1C1
10141	#C0C0C0
10142	#C0C0C0
10143	#CACACA
10144	#CCCCCC
10145	#C8C8C8
10146	#C8C8C8
10147	#CBCBCB
10148	#CDCDCD
10149	#CFCFCF
10150	#D0D0D0
10151	#C9C9C9
10152	#C8C8C8
10153	#C6C6C6
10154	#BDBDBD
10155	#BABABA
10156	#B8B8B8
10157	#B8B8B8
10158	#BABABA
10159	#C3C3C3
10160	#C4C4C4
10161	#BDBDBD
10162	#B5B5B5
10163	#A9A9A9
10164	#8C8C8C
10165	#878787
10166	#8D8D8D
10167	#838483
10168	#7A7A7A
10169	#757575
10170	#6E6E6E
10171	#717171
10172	#8D8D8D
10173	#A2A2A2
10174	#A2A2A2
10175	#9EA39E
10176	#AAB5AA
10177	#BCCEBC
10178	#AAC2AA
10179	#95B395
10180	#88A888
10181	#789678
10182	#4C674C
10183	#2A402A
10184	#1D2E1D
10185	#111C11
10186	#050A05
10187	#000300
10188	#000200
10189	#000100
10190	#000000
10191	#000000
10192	#000000
10193	#000000
10194	#000000
10195	#000000
10196	#000000
10197	#A8A8A8
10198	#FFFFFF
10199	#FFFFFF
10200	#FFFFFF
10201	#FFFFFF
10202	#FFFFFF
10203	#FFFFFF
10204	#E9E9E9
10205	#121212
10206	#000000
10207	#000000
10208	#000000
10209	#000000
10210	#000000
10211	#020202
10212	#0D0D0D
10213	#1B1B1B
10214	#252525
10215	#2E2E2E
10216	#434343
10217	#6B6B6B
10218	#737373
10219	#828282
10220	#9B9B9B
10221	#B3B3B3
10222	#A3A3A3
10223	#989898
10224	#A2A2A2
10225	#ABABAB
10226	#A4A4A4
10227	#8C8C8C
10228	#7A7A7A
10229	#747474
10230	#6B6B6B
10231	#6A6A6A
10232	#767676
10233	#878787
10234	#8D8D8D
10235	#909090
10236	#868686
10237	#838383
10238	#9A9A9A
10239	#9B9B9B
10240	#AFAFAF
10241	#B9B9B9
10242	#BBBBBB
10243	#BDBDBD
10244	#C6C6C6
10245	#CCCCCC
10246	#CACACA
10247	#CCCCCC
10248	#CDCDCD
10249	#CDCDCD
10250	#CCCCCC
10251	#CECECE
10252	#CFCFCF
10253	#C8C8C8
10254	#C5C5C5
10255	#C0C0C0
10256	#BABABA
10257	#B7B7B7
10258	#B7B7B7
10259	#B4B4B4
10260	#B8B8B8
10261	#BBBBBB
10262	#BDBDBD
10263	#BDBDBD
10264	#B9B9B9
10265	#ADADAD
10266	#929292
10267	#828282
10268	#898989
10269	#898989
10270	#7E7E7E
10271	#666666
10272	#686868
10273	#727272
10274	#7A7A7A
10275	#9A9A9A
10276	#A4A4A4
10277	#A1A1A1
10278	#B6B6B6
10279	#BBBBBB
10280	#A4A4A4
10281	#939393
10282	#878787
10283	#747474
10284	#464646
10285	#262626
10286	#181818
10287	#0A0A0A
10288	#010101
10289	#000000
10290	#000000
10291	#000000
10292	#000000
10293	#000000
10294	#000000
10295	#000000
10296	#000000
10297	#000000
10298	#323232
10299	#FFFFFF
10300	#FFFFFF
10301	#FFFFFF
10302	#FFFFFF
10303	#5B5B5B
10304	#000000
10305	#000000
10306	#000000
10307	#000000
10308	#000000
10309	#000000
10310	#080808
10311	#161616
10312	#222222
10313	#2B2B2B
10314	#373737
10315	#5F5F5F
10316	#717171
10317	#7D7D7D
10318	#8F8F8F
10319	#AFAFAF
10320	#ADADAD
10321	#979797
10322	#9E9E9E
10323	#A9A9A9
10324	#A9A9A9
10325	#959595
10326	#7F7F7F
10327	#767676
10328	#6F6F6F
10329	#696969
10330	#717171
10331	#808080
10332	#8D8D8D
10333	#8E8E8E
10334	#8D8D8D
10335	#7F7F7F
10336	#949494
10337	#999999
10338	#A6A6A6
10339	#B7B7B7
10340	#BABABA
10341	#BDBDBD
10342	#C1C1C1
10343	#CBCBCB
10344	#CBCBCB
10345	#CBCBCB
10346	#CDCDCD
10347	#CDCDCD
10348	#CCCCCC
10349	#CDCDCD
10350	#CFCFCF
10351	#CBCBCB
10352	#C6C6C6
10353	#C2C2C2
10354	#BBBBBB
10355	#B9B9B9
10356	#B7B7B7
10357	#B6B6B6
10358	#B5B5B5
10359	#BABABA
10360	#BCBCBC
10361	#BEBEBE
10362	#BBBBBB
10363	#B3B3B3
10364	#9E9F9E
10365	#838683
10366	#868A86
10367	#8B8F8B
10368	#848784
10369	#6E6F6E
10370	#646464
10371	#717171
10372	#747474
10373	#8D8D8D
10374	#A4A4A4
10375	#A0A2A0
10376	#ADB3AD
10377	#BDC8BD
10378	#AEBDAE
10379	#97AA97
10380	#8CA28C
10381	#7C927C
10382	#597059
10383	#2D422D
10384	#1D301D
10385	#0F210F
10386	#031303
10387	#000D00
10388	#000B00
10389	#000800
10390	#000400
10391	#000100
10392	#000000
10393	#000000
10394	#000000
10395	#000000
10396	#000000
10397	#A7A7A7
10398	#FFFFFF
10399	#FFFFFF
10400	#FFFFFF
10401	#FFFFFF
10402	#FFFFFF
10403	#FFFFFF
10404	#E9E9E9
10405	#121212
10406	#000000
10407	#000000
10408	#000000
10409	#000000
10410	#000000
10411	#010101
10412	#0B0B0B
10413	#191919
10414	#252525
10415	#2F2F2F
10416	#484848
10417	#6E6E6E
10418	#787878
10419	#858585
10420	#9F9F9F
10421	#B3B3B3
10422	#A3A3A3
10423	#9A9A9A
10424	#9D9D9D
10425	#9D9D9D
10426	#919191
10427	#848484
10428	#787878
10429	#737373
10430	#7B7B7B
10431	#838383
10432	#838383
10433	#898989
10434	#969696
10435	#8C8C8C
10436	#727272
10437	#797979
10438	#878787
10439	#949494
10440	#AFAFAF
10441	#B7B7B7
10442	#BABABA
10443	#BEBEBE
10444	#C4C4C4
10445	#CACACA
10446	#C9C9C9
10447	#CCCCCC
10448	#CCCCCC
10449	#CCCCCC
10450	#CCCCCC
10451	#CCCCCC
10452	#CECECE
10453	#C8C8C8
10454	#C3C3C3
10455	#BFBFBF
10456	#BCBCBC
10457	#BABABA
10458	#BBBBBB
10459	#B9B9B9
10460	#B7B7B7
10461	#B7B7B7
10462	#B7B7B7
10463	#B6B6B6
10464	#B2B2B2
10465	#ADADAD
10466	#A2A2A2
10467	#868686
10468	#7E7E7E
10469	#858585
10470	#8D8D8D
10471	#818181
10472	#707070
10473	#6D6D6D
10474	#707070
10475	#7A7A7A
10476	#969696
10477	#A8A8A8
10478	#B6B6B6
10479	#BDBDBD
10480	#A6A6A6
10481	#949494
10482	#898989
10483	#787878
10484	#535353
10485	#2A2A2A
10486	#171717
10487	#090909
10488	#000000
10489	#000000
10490	#000000
10491	#000000
10492	#000000
10493	#000000
10494	#000000
10495	#000000
10496	#000000
10497	#000000
10498	#323232
10499	#FFFFFF
10500	#FFFFFF
10501	#FFFFFF
10502	#FFFFFF
10503	#5B5B5B
10504	#000000
10505	#000000
10506	#000000
10507	#000000
10508	#000000
10509	#000000
10510	#060606
10511	#141414
10512	#212121
10513	#2C2C2C
10514	#3B3B3B
10515	#646464
10516	#747474
10517	#808080
10518	#939393
10519	#B1B1B1
10520	#ABABAB
10521	#9B9B9B
10522	#9C9C9C
10523	#9E9E9E
10524	#969696
10525	#888888
10526	#7D7D7D
10527	#737373
10528	#777777
10529	#818181
10530	#848484
10531	#858585
10532	#939393
10533	#949494
10534	#7A7A7A
10535	#727272
10536	#848484
10537	#8C8C8C
10538	#A7A7A7
10539	#B5B5B5
10540	#B9B9B9
10541	#BCBCBC
10542	#C1C1C1
10543	#C9C9C9
10544	#C9C9C9
10545	#CBCBCB
10546	#CCCCCC
10547	#CCCCCC
10548	#CCCCCC
10549	#CCCCCC
10550	#CECECE
10551	#CBCBCB
10552	#C5C5C5
10553	#C0C0C0
10554	#BDBDBD
10555	#BBBBBB
10556	#BABABA
10557	#BABABA
10558	#B7B7B7
10559	#B7B7B7
10560	#B7B7B7
10561	#B7B7B7
10562	#B3B4B3
10563	#AFB1AF
10564	#A7ACA7
10565	#909790
10566	#7E867E
10567	#818981
10568	#8C928C
10569	#888C88
10570	#767876
10571	#6D6E6D
10572	#6E6E6E
10573	#747474
10574	#8B8B8B
10575	#A4A3A4
10576	#B1B2B1
10577	#BDC2BD
10578	#B1B8B1
10579	#98A298
10580	#8F9D8F
10581	#7E8E7E
10582	#657965
10583	#354C35
10584	#1D361D
10585	#0E2B0E
10586	#021F02
10587	#001B00
10588	#001700
10589	#001200
10590	#000C00
10591	#000500
10592	#000100
10593	#000000
10594	#000000
10595	#000000
10596	#000000
10597	#A7A7A7
10598	#FFFFFF
10599	#FFFFFF
10600	#FFFFFF
10601	#FFFFFF
10602	#FFFFFF
10603	#FFFFFF
10604	#E9E9E9
10605	#121212
10606	#000000
10607	#000000
10608	#000000
10609	#000000
10610	#000000
10611	#010101
10612	#090909
10613	#181818
10614	#252525
10615	#323232
10616	#4F4F4F
10617	#707070
10618	#7C7C7C
10619	#898989
10620	#A4A4A4
10621	#B6B6B6
10622	#A3A3A3
10623	#9D9D9D
10624	#9D9D9D
10625	#838383
10626	#717171
10627	#707070
10628	#747474
10629	#808080
10630	#8A8A8A
10631	#8A8A8A
10632	#8C8C8C
10633	#8F8F8F
10634	#888888
10635	#686868
10636	#5F5F5F
10637	#7A7A7A
10638	#7C7C7C
10639	#989898
10640	#ACACAC
10641	#B1B1B1
10642	#B8B8B8
10643	#BFBFBF
10644	#C3C3C3
10645	#C8C8C8
10646	#C9C9C9
10647	#CBCBCB
10648	#CBCBCB
10649	#CCCCCC
10650	#CCCCCC
10651	#CFCFCF
10652	#CFCFCF
10653	#C8C8C8
10654	#C4C4C4
10655	#C2C2C2
10656	#BEBEBE
10657	#BBBBBB
10658	#BABABA
10659	#BBBBBB
10660	#B9B9B9
10661	#B5B5B5
10662	#B5B5B5
10663	#B3B3B3
10664	#AEAEAE
10665	#A8A8A8
10666	#9E9E9E
10667	#828282
10668	#737373
10669	#828282
10670	#8E8E8E
10671	#8E8E8E
10672	#828282
10673	#7B7B7B
10674	#727272
10675	#707070
10676	#7B7B7B
10677	#A4A4A4
10678	#B7B7B7
10679	#BEBEBE
10680	#A9A9A9
10681	#959595
10682	#8D8D8D
10683	#7A7A7A
10684	#5D5D5D
10685	#303030
10686	#181818
10687	#090909
10688	#000000
10689	#000000
10690	#000000
10691	#000000
10692	#000000
10693	#000000
10694	#000000
10695	#000000
10696	#000000
10697	#000000
10698	#323232
10699	#FFFFFF
10700	#FFFFFF
10701	#FFFFFF
10702	#FFFFFF
10703	#5B5B5B
10704	#000000
10705	#000000
10706	#000000
10707	#000000
10708	#000000
10709	#000000
10710	#050505
10711	#121212
10712	#202020
10713	#2D2D2D
10714	#404040
10715	#686868
10716	#777777
10717	#858585
10718	#979797
10719	#B4B4B4
10720	#ACACAC
10721	#9C9C9C
10722	#A0A0A0
10723	#8F8F8F
10724	#747474
10725	#707070
10726	#727272
10727	#7B7B7B
10728	#888888
10729	#8A8A8A
10730	#8B8B8B
10731	#8E8E8E
10732	#8D8D8D
10733	#757575
10734	#5C5C5C
10735	#717171
10736	#7E7E7E
10737	#898989
10738	#AAAAAA
10739	#AFAFAF
10740	#B5B5B5
10741	#BDBDBD
10742	#C1C1C1
10743	#C7C7C7
10744	#C9C9C9
10745	#CBCBCB
10746	#CBCBCB
10747	#CCCCCC
10748	#CCCCCC
10749	#CECECE
10750	#CFCFCF
10751	#CBCBCB
10752	#C4C4C4
10753	#C3C3C3
10754	#BFBFBF
10755	#BCBCBC
10756	#BABABA
10757	#BBBBBB
10758	#BABABA
10759	#B6B6B6
10760	#B5B5B5
10761	#B4B5B4
10762	#B0B2B0
10763	#ABB0AB
10764	#A2A9A2
10765	#8F988F
10766	#737E73
10767	#7C877C
10768	#8A938A
10769	#919891
10770	#868A86
10771	#7E7F7E
10772	#747474
10773	#707070
10774	#747474
10775	#949494
10776	#B4B4B4
10777	#BCBCBC
10778	#B5B6B5
10779	#989D98
10780	#929992
10781	#818E81
10782	#6C806C
10783	#3F593F
10784	#1F401F
10785	#0E360E
10786	#022D02
10787	#002B00
10788	#002600
10789	#001D00
10790	#001400
10791	#000B00
10792	#000300
10793	#000000
10794	#000000
10795	#000000
10796	#000000
10797	#A7A7A6
10798	#FFFFFF
10799	#FFFFFF
10800	#FFFFFF
10801	#FFFFFF
10802	#FFFFFF
10803	#FFFFFF
10804	#E9E9E9
10805	#121212
10806	#000000
10807	#000000
10808	#000000
10809	#000000
10810	#000000
10811	#000000
10812	#080808
10813	#161616
10814	#252525
10815	#343434
10816	#555555
10817	#747474
10818	#828282
10819	#8C8C8C
10820	#A8A8A8
10821	#B8B8B8
10822	#A5A5A5
10823	#9F9F9F
10824	#8C8C8C
10825	#737373
10826	#6A6A6A
10827	#656565
10828	#787878
10829	#838383
10830	#888888
10831	#8D8D8D
10832	#838383
10833	#777777
10834	#717171
10835	#686868
10836	#7A7A7A
10837	#808080
10838	#797979
10839	#939393
10840	#A3A3A3
10841	#B1B1B1
10842	#BDBDBD
10843	#BCBCBC
10844	#C3C3C3
10845	#CACACA
10846	#C9C9C9
10847	#CBCBCB
10848	#CCCCCC
10849	#CDCDCD
10850	#CECECE
10851	#CFCFCF
10852	#CECECE
10853	#C7C7C7
10854	#C6C6C6
10855	#C5C5C5
10856	#C2C2C2
10857	#BEBEBE
10858	#BBBBBB
10859	#BCBCBC
10860	#BCBCBC
10861	#B6B6B6
10862	#B6B6B6
10863	#B4B4B4
10864	#B0B0B0
10865	#ADADAD
10866	#A3A3A3
10867	#919191
10868	#686868
10869	#6B6B6B
10870	#848484
10871	#8F8F8F
10872	#888888
10873	#818181
10874	#838383
10875	#797979
10876	#7E7E7E
10877	#969696
10878	#B3B3B3
10879	#BEBEBE
10880	#B0B0B0
10881	#979797
10882	#909090
10883	#7E7E7E
10884	#646464
10885	#383838
10886	#191919
10887	#080808
10888	#000000
10889	#000000
10890	#000000
10891	#000000
10892	#000000
10893	#000000
10894	#000000
10895	#000000
10896	#000000
10897	#000000
10898	#333333
10899	#FFFFFF
10900	#FFFFFF
10901	#FFFFFF
10902	#FFFFFF
10903	#5B5B5B
10904	#000000
10905	#000000
10906	#000000
10907	#000000
10908	#000000
10909	#000000
10910	#040404
10911	#111111
10912	#202020
10913	#2D2D2D
10914	#464646
10915	#6D6D6D
10916	#7D7D7D
10917	#888888
10918	#9B9B9B
10919	#B7B7B7
10920	#AEAEAE
10921	#9F9F9F
10922	#979797
10923	#7A7A7A
10924	#6D6D6D
10925	#646464
10926	#707070
10927	#818181
10928	#868686
10929	#8C8C8C
10930	#898989
10931	#7B7B7B
10932	#747474
10933	#6A6A6A
10934	#727272
10935	#818181
10936	#7A7A7A
10937	#868686
10938	#A0A0A0
10939	#AAAAAA
10940	#BBBBBB
10941	#BDBDBD
10942	#BFBFBF
10943	#C8C8C8
10944	#CACACA
10945	#CACACA
10946	#CCCCCC
10947	#CDCDCD
10948	#CDCDCD
10949	#CECECE
10950	#CFCFCF
10951	#C9C9C9
10952	#C6C6C6
10953	#C6C6C6
10954	#C3C3C3
10955	#C0C0C0
10956	#BBBBBB
10957	#BCBCBC
10958	#BCBCBC
10959	#B9B9B9
10960	#B5B5B5
10961	#B5B5B5
10962	#B1B4B1
10963	#AFB6AF
10964	#A7B0A7
10965	#9BA69B
10966	#778677
10967	#637163
10968	#7C897C
10969	#8C968C
10970	#8D938D
10971	#828682
10972	#838383
10973	#7D7D7D
10974	#797979
10975	#8C8C8C
10976	#A9A9A9
10977	#BCBCBD
10978	#B8B8B9
10979	#9E9E9E
10980	#929592
10981	#858F85
10982	#708470
10983	#486848
10984	#234D23
10985	#0D420D
10986	#013C01
10987	#003A00
10988	#003400
10989	#002900
10990	#001C00
10991	#001000
10992	#000500
10993	#000100
10994	#000000
10995	#000005
10996	#000024
10997	#A7A7B0
10998	#FFFFFF
10999	#FFFFFF
11000	#FFFFFF
11001	#FFFFFF
11002	#FFFFFF
11003	#FFFFFF
11004	#EAEAEA
11005	#181818
11006	#000000
11007	#000000
11008	#000000
11009	#000000
11010	#000000
11011	#000000
11012	#060606
11013	#151515
11014	#252525
11015	#383838
11016	#5B5B5B
11017	#767676
11018	#868686
11019	#8D8D8D
11020	#ACACAC
11021	#BABABA
11022	#ACACAC
11023	#939393
11024	#787878
11025	#6D6D6D
11026	#707070
11027	#828282
11028	#848484
11029	#828282
11030	#808080
11031	#7B7B7B
11032	#6C6C6C
11033	#666666
11034	#707070
11035	#787878
11036	#838383
11037	#808080
11038	#7C7C7C
11039	#959595
11040	#A7A7A7
11041	#B9B9B9
11042	#C1C1C1
11043	#BEBEBE
11044	#C0C0C0
11045	#C8C8C8
11046	#C8C8C8
11047	#CBCBCB
11048	#CCCCCC
11049	#CDCDCD
11050	#CCCCCC
11051	#CFCFCF
11052	#CCCCCC
11053	#C6C6C6
11054	#C8C8C8
11055	#C7C7C7
11056	#C4C4C4
11057	#C3C3C3
11058	#C2C2C2
11059	#C1C1C1
11060	#BDBDBD
11061	#B7B7B7
11062	#B8B8B8
11063	#B7B7B7
11064	#B1B1B1
11065	#B1B1B1
11066	#A9A9A9
11067	#A4A4A4
11068	#8B8B8B
11069	#565656
11070	#5A5A5A
11071	#787878
11072	#868686
11073	#838383
11074	#848484
11075	#8F8F8F
11076	#969696
11077	#959595
11078	#A5A5A5
11079	#BBBBBB
11080	#B4B4B4
11081	#9E9E9E
11082	#8F8F8F
11083	#818181
11084	#686868
11085	#414141
11086	#1E1E1E
11087	#070707
11088	#000000
11089	#000000
11090	#000000
11091	#000000
11092	#000000
11093	#000000
11094	#000000
11095	#000000
11096	#000000
11097	#000000
11098	#383838
11099	#FFFFFF
11100	#FFFFFF
11101	#FFFFFF
11102	#FFFFFF
11103	#616161
11104	#000000
11105	#000000
11106	#000000
11107	#000000
11108	#000000
11109	#000000
11110	#030303
11111	#0F0F0F
11112	#1F1F1F
11113	#303030
11114	#4C4C4C
11115	#6F6F6F
11116	#828282
11117	#8A8A8A
11118	#9F9F9F
11119	#B9B9B9
11120	#B3B3B3
11121	#9D9D9D
11122	#818181
11123	#707070
11124	#6D6D6D
11125	#7C7C7C
11126	#858585
11127	#828282
11128	#818181
11129	#7E7E7E
11130	#727272
11131	#676767
11132	#6B6B6B
11133	#757575
11134	#808080
11135	#828282
11136	#7C7C7C
11137	#898989
11138	#A2A2A2
11139	#B2B2B2
11140	#C0C0C0
11141	#BFBFBF
11142	#BEBEBE
11143	#C6C6C6
11144	#C9C9C9
11145	#CACACA
11146	#CCCCCC
11147	#CDCDCD
11148	#CCCCCC
11149	#CECECE
11150	#CECECE
11151	#C7C7C7
11152	#C7C7C7
11153	#C8C8C8
11154	#C5C5C5
11155	#C4C4C4
11156	#C3C3C3
11157	#C2C2C2
11158	#BFBFBF
11159	#B9B9B9
11160	#B7B7B7
11161	#B9B9B9
11162	#B3B6B3
11163	#B1B8B1
11164	#ACB7AC
11165	#A6B3A6
11166	#9AAA9A
11167	#667666
11168	#526052
11169	#6E796E
11170	#838A83
11171	#858885
11172	#838383
11173	#8A8A8A
11174	#959595
11175	#949494
11176	#9D9D9E
11177	#B6B6B3
11178	#B8B8B5
11179	#A8A8A7
11180	#929392
11181	#888F88
11182	#738873
11183	#507450
11184	#2A5D2A
11185	#0E4E0E
11186	#014901
11187	#004800
11188	#004100
11189	#003300
11190	#002400
11191	#001500
11192	#000800
11193	#000100
11194	#000000
11195	#000017
11196	#0101BC
11197	#ACACD9
11198	#FFFFFF
11199	#FFFFFF
11200	#FFFFFF
11201	#FFFFFF
11202	#FFFFFF
11203	#FFFFFF
11204	#E9E9E9
11205	#121212
11206	#000000
11207	#000000
11208	#000000
11209	#000000
11210	#000000
11211	#000000
11212	#050505
11213	#131313
11214	#262626
11215	#3C3C3C
11216	#606060
11217	#7A7A7A
11218	#888888
11219	#909090
11220	#B0B0B0
11221	#BABABA
11222	#ACACAC
11223	#7F7F7F
11224	#6D6D6D
11225	#6E6E6E
11226	#808080
11227	#878787
11228	#898989
11229	#828282
11230	#6D6D6D
11231	#606060
11232	#5D5D5D
11233	#5F5F5F
11234	#666666
11235	#6E6E6E
11236	#808080
11237	#808080
11238	#868686
11239	#A5A5A5
11240	#B7B7B7
11241	#BEBEBE
11242	#C0C0C0
11243	#BFBFBF
11244	#C0C0C0
11245	#C8C8C8
11246	#C6C6C6
11247	#C7C7C7
11248	#CACACA
11249	#C9C9C9
11250	#CACACA
11251	#CCCCCC
11252	#CCCCCC
11253	#C8C8C8
11254	#CACACA
11255	#C9C9C9
11256	#C7C7C7
11257	#C4C4C4
11258	#C3C3C3
11259	#C2C2C2
11260	#C1C1C1
11261	#BEBEBE
11262	#BFBFBF
11263	#BCBCBC
11264	#B6B6B6
11265	#B3B3B3
11266	#A8A8A8
11267	#A4A4A4
11268	#9F9F9F
11269	#6D6D6D
11270	#4F4F4F
11271	#595959
11272	#686868
11273	#868686
11274	#919191
11275	#989898
11276	#9F9F9F
11277	#A3A3A3
11278	#9E9E9E
11279	#ADADAD
11280	#B6B6B6
11281	#A7A7A7
11282	#8F8F8F
11283	#848484
11284	#6C6C6C
11285	#484848
11286	#242424
11287	#060606
11288	#000000
11289	#000000
11290	#000000
11291	#000000
11292	#000000
11293	#000000
11294	#000000
11295	#000000
11296	#000000
11297	#000000
11298	#323232
11299	#FFFFFF
11300	#FFFFFF
11301	#FFFFFF
11302	#FFFFFF
11303	#5B5B5B
11304	#000000
11305	#000000
11306	#000000
11307	#000000
11308	#000000
11309	#000000
11310	#020202
11311	#0D0D0D
11312	#1E1E1E
11313	#333333
11314	#525252
11315	#727272
11316	#848484
11317	#8B8B8B
11318	#A3A3A3
11319	#BABABA
11320	#B4B4B4
11321	#919191
11322	#6F6F6F
11323	#6C6C6C
11324	#7A7A7A
11325	#868686
11326	#898989
11327	#868686
11328	#767676
11329	#626262
11330	#5F5F5F
11331	#5C5C5C
11332	#646464
11333	#696969
11334	#7B7B7B
11335	#818181
11336	#828282
11337	#999999
11338	#B2B2B2
11339	#BDBDBD
11340	#BFBFBF
11341	#C0C0C0
11342	#BDBDBD
11343	#C6C6C6
11344	#C7C7C7
11345	#C6C6C6
11346	#C9C9C9
11347	#C9C9C9
11348	#C9C9C9
11349	#CBCBCB
11350	#CCCCCC
11351	#C9C9C9
11352	#C9C9C9
11353	#CACACA
11354	#C7C7C7
11355	#C5C5C5
11356	#C3C3C3
11357	#C3C3C3
11358	#C2C2C2
11359	#BFBFBF
11360	#BDBDBD
11361	#BEBFBE
11362	#B8BBB8
11363	#B5BCB5
11364	#ACB6AC
11365	#A4B0A4
11366	#A4B3A4
11367	#849384
11368	#525E52
11369	#566056
11370	#5F665F
11371	#7C7F7C
11372	#8F8F8F
11373	#959595
11374	#9D9D9D
11375	#A2A2A3
11376	#9F9F89
11377	#A4A477
11378	#B7B788
11379	#B0B0A7
11380	#969697
11381	#898F89
11382	#778D77
11383	#567F56
11384	#326D32
11385	#0E5A0E
11386	#005500
11387	#005600
11388	#004E00
11389	#003E00
11390	#002B00
11391	#001A00
11392	#000A00
11393	#000100
11394	#000000
11395	#000027
11396	#0000BD
11397	#A7A7D5
11398	#FFFFFF
11399	#FFFFFF
11400	#FFFFFF
11401	#FFFFFF
11402	#FFFFFF
11403	#FFFFFF
11404	#E9E9E9
11405	#121212
11406	#000000
11407	#000000
11408	#000000
11409	#000000
11410	#000000
11411	#000000
11412	#030303
11413	#121212
11414	#272727
11415	#414141
11416	#636363
11417	#7B7B7B
11418	#888888
11419	#969696
11420	#B3B3B3
11421	#B9B9B9
11422	#9F9F9F
11423	#818181
11424	#6D6D6D
11425	#7B7B7B
11426	#888888
11427	#888888
11428	#828282
11429	#6A6A6A
11430	#585858
11431	#595959
11432	#5D5D5D
11433	#626262
11434	#565656
11435	#636363
11436	#838383
11437	#8C8C8C
11438	#969696
11439	#AFAFAF
11440	#BBBBBB
11441	#C0C0C0
11442	#C1C1C1
11443	#C2C2C2
11444	#C2C2C2
11445	#C9C9C9
11446	#C7C7C7
11447	#C5C5C5
11448	#C7C7C7
11449	#C7C7C7
11450	#CACACA
11451	#CDCDCD
11452	#CFCFCF
11453	#CCCCCC
11454	#CCCCCC
11455	#CCCCCC
11456	#C9C9C9
11457	#C5C5C5
11458	#C4C4C4
11459	#C2C2C2
11460	#C3C3C3
11461	#C3C3C3
11462	#C2C2C2
11463	#BFBFBF
11464	#BCBCBC
11465	#BBBBBB
11466	#B1B1B1
11467	#A6A6A6
11468	#A3A3A3
11469	#8E8E8E
11470	#5F5F5F
11471	#575757
11472	#535353
11473	#6B6B6B
11474	#8F8F8F
11475	#9F9F9F
11476	#A1A1A1
11477	#A5A5A5
11478	#A0A0A0
11479	#999999
11480	#B2B2B2
11481	#AEAEAE
11482	#959595
11483	#878787
11484	#6A6A6A
11485	#4E4E4E
11486	#292929
11487	#070707
11488	#000000
11489	#000000
11490	#000000
11491	#000000
11492	#000000
11493	#000000
11494	#000000
11495	#000000
11496	#000000
11497	#000000
11498	#323232
11499	#FFFFFF
11500	#FFFFFF
11501	#FFFFFF
11502	#FFFFFF
11503	#5B5B5B
11504	#000000
11505	#000000
11506	#000000
11507	#000000
11508	#000000
11509	#000000
11510	#010101
11511	#0B0B0B
11512	#1F1F1F
11513	#363636
11514	#575757
11515	#737373
11516	#858585
11517	#8E8E8E
11518	#A9A9A9
11519	#BBBBBB
11520	#ABABAB
11521	#8C8C8C
11522	#707070
11523	#747474
11524	#848484
11525	#8A8A8A
11526	#858585
11527	#747474
11528	#5C5C5C
11529	#575757
11530	#5C5C5C
11531	#616161
11532	#5C5C5C
11533	#585858
11534	#7B7B7B
11535	#898989
11536	#909090
11537	#A6A6A6
11538	#B8B8B8
11539	#BFBFBF
11540	#C0C0C0
11541	#C2C2C2
11542	#C1C1C1
11543	#C7C7C7
11544	#C9C9C9
11545	#C5C5C5
11546	#C6C6C6
11547	#C7C7C7
11548	#C9C9C9
11549	#CBCBCB
11550	#CFCFCF
11551	#CDCDCD
11552	#CCCCCC
11553	#CCCCCC
11554	#CACACA
11555	#C6C6C6
11556	#C5C5C5
11557	#C3C3C3
11558	#C2C2C2
11559	#C3C3C3
11560	#C2C2C2
11561	#C1C1C1
11562	#BCBFBC
11563	#BCC1BC
11564	#B6BEB6
11565	#A9B3A9
11566	#A4B0A4
11567	#9BA89B
11568	#6E786E
11569	#575F57
11570	#545954
11571	#5E615E
11572	#848484
11573	#9B9B9B
11574	#A1A1A1
11575	#A4A4A4
11576	#A4A47C
11577	#999961
11578	#A9A971
11579	#B4B48C
11580	#9E9E9B
11581	#8C928D
11582	#758F75
11583	#598959
11584	#387D38
11585	#116911
11586	#006400
11587	#006500
11588	#005B00
11589	#004800
11590	#003400
11591	#001F00
11592	#000C00
11593	#000100
11594	#000002
11595	#000097
11596	#0000C6
11597	#A7A7D2
11598	#FFFFFF
11599	#FFFFFF
11600	#FFFFFF
11601	#FFFFFF
11602	#FFFFFF
11603	#FFFFFF
11604	#E9E9E9
11605	#121212
11606	#000000
11607	#000000
11608	#000000
11609	#000000
11610	#000000
11611	#000000
11612	#020202
11613	#111111
11614	#292929
11615	#454545
11616	#666666
11617	#7C7C7C
11618	#898989
11619	#9E9E9E
11620	#B3B3B3
11621	#B3B3B3
11622	#969696
11623	#888888
11624	#878787
11625	#818181
11626	#898989
11627	#858585
11628	#656565
11629	#585858
11630	#5F5F5F
11631	#5B5B5B
11632	#595959
11633	#585858
11634	#636363
11635	#8A8A8A
11636	#9A9A9A
11637	#999999
11638	#999999
11639	#AFAFAF
11640	#B9B9B9
11641	#C0C0C0
11642	#C3C3C3
11643	#C5C5C5
11644	#C6C6C6
11645	#CBCBCB
11646	#CCCCCC
11647	#CBCBCB
11648	#CBCBCB
11649	#CCCCCC
11650	#CFCFCF
11651	#D1D1D1
11652	#D1D1D1
11653	#CCCCCC
11654	#CBCBCB
11655	#C9C9C9
11656	#C4C4C4
11657	#C3C3C3
11658	#C2C2C2
11659	#C2C2C2
11660	#C4C4C4
11661	#C5C5C5
11662	#C5C5C5
11663	#C3C3C3
11664	#BEBEBE
11665	#BCBCBC
11666	#B7B7B7
11667	#B1B1B1
11668	#ADADAD
11669	#A7A7A7
11670	#7F7F7F
11671	#5F5F5F
11672	#666666
11673	#6D6D6D
11674	#727272
11675	#8A8A8A
11676	#A1A1A1
11677	#A3A3A3
11678	#9C9C9C
11679	#939393
11680	#A9A9A9
11681	#B3B3B3
11682	#979797
11683	#7F7F7F
11684	#696969
11685	#535353
11686	#2E2E2E
11687	#090909
11688	#000000
11689	#000000
11690	#000000
11691	#000000
11692	#000000
11693	#000000
11694	#000000
11695	#000000
11696	#000000
11697	#000000
11698	#323232
11699	#FFFFFF
11700	#FFFFFF
11701	#FFFFFF
11702	#FFFFFF
11703	#5B5B5B
11704	#000000
11705	#000000
11706	#000000
11707	#000000
11708	#000000
11709	#000000
11710	#000000
11711	#0A0A0A
11712	#202020
11713	#393939
11714	#5A5A5A
11715	#757575
11716	#858585
11717	#969696
11718	#ACACAC
11719	#B8B8B8
11720	#A1A1A1
11721	#8A8A8A
11722	#888888
11723	#838383
11724	#858585
11725	#8B8B8B
11726	#717171
11727	#585858
11728	#5D5D5D
11729	#5D5D5D
11730	#5A5A5A
11731	#575757
11732	#5D5D5D
11733	#7B7B7B
11734	#999999
11735	#9A9A9A
11736	#969696
11737	#A6A6A6
11738	#B7B7B7
11739	#BEBEBE
11740	#C2C2C2
11741	#C5C5C5
11742	#C5C5C5
11743	#C9C9C9
11744	#CDCDCD
11745	#CBCBCB
11746	#CBCBCB
11747	#CCCCCC
11748	#CECECE
11749	#D0D0D0
11750	#D2D2D2
11751	#CECECE
11752	#CBCBCB
11753	#CBCBCB
11754	#C5C5C5
11755	#C3C3C3
11756	#C2C2C2
11757	#C1C1C1
11758	#C4C4C4
11759	#C5C5C5
11760	#C5C5C5
11761	#C5C5C5
11762	#C1C1C1
11763	#BCC0BC
11764	#BABFBA
11765	#B4BBB4
11766	#AEB7AE
11767	#ABB4AB
11768	#929992
11769	#656B65
11770	#616561
11771	#6C6D6C
11772	#6E6E6E
11773	#7F7F7F
11774	#9B9B9C
11775	#A4A4A5
11776	#9F9F79
11777	#95955C
11778	#9D9D64
11779	#B4B482
11780	#A4A39E
11781	#868D87
11782	#718F71
11783	#5C945C
11784	#3D8D3D
11785	#147914
11786	#007300
11787	#007500
11788	#006900
11789	#005300
11790	#003C00
11791	#002300
11792	#000E00
11793	#000100
11794	#000028
11795	#0000C3
11796	#0000C1
11797	#A7A7D1
11798	#FFFFFF
11799	#FFFFFF
11800	#FFFFFF
11801	#FFFFFF
11802	#FFFFFF
11803	#FFFFFF
11804	#E9E9E9
11805	#121212
11806	#000000
11807	#000000
11808	#000000
11809	#000000
11810	#000000
11811	#000000
11812	#020202
11813	#0F0F0F
11814	#2A2A2A
11815	#484848
11816	#696969
11817	#7D7D7D
11818	#8C8C8C
11819	#A5A5A5
11820	#B2B2B2
11821	#A8A8A8
11822	#979797
11823	#979797
11824	#969696
11825	#909090
11826	#848484
11827	#626262
11828	#585858
11829	#5C5C5C
11830	#555555
11831	#545454
11832	#666666
11833	#767676
11834	#898989
11835	#9D9D9D
11836	#9E9E9E
11837	#9D9D9D
11838	#9A9A9A
11839	#B2B2B2
11840	#B4B4B4
11841	#B3B3B3
11842	#B9B9B9
11843	#C1C1C1
11844	#C5C5C5
11845	#CECECE
11846	#CFCFCF
11847	#CFCFCF
11848	#CECECE
11849	#CFCFCF
11850	#D0D0D0
11851	#D1D1D1
11852	#D1D1D1
11853	#CDCDCD
11854	#CACACA
11855	#C5C5C5
11856	#BEBEBE
11857	#BBBBBB
11858	#BABABA
11859	#BBBBBB
11860	#BDBDBD
11861	#BFBFBF
11862	#C0C0C0
11863	#C2C2C2
11864	#C1C1C1
11865	#BFBFBF
11866	#BFBFBF
11867	#B9B9B9
11868	#B2B2B2
11869	#ADADAD
11870	#A0A0A0
11871	#858585
11872	#818181
11873	#747474
11874	#767676
11875	#777777
11876	#878787
11877	#9E9E9E
11878	#979797
11879	#909090
11880	#A4A4A4
11881	#B4B4B4
11882	#969696
11883	#7B7B7B
11884	#6C6C6C
11885	#565656
11886	#313131
11887	#0B0B0B
11888	#000000
11889	#000000
11890	#000000
11891	#000000
11892	#000000
11893	#000000
11894	#000000
11895	#000000
11896	#000000
11897	#000000
11898	#323232
11899	#FFFFFF
11900	#FFFFFF
11901	#FFFFFF
11902	#FFFFFF
11903	#5B5B5B
11904	#000000
11905	#000000
11906	#000000
11907	#000000
11908	#000000
11909	#000000
11910	#000000
11911	#080808
11912	#202020
11913	#3C3C3C
11914	#5D5D5D
11915	#777777
11916	#858585
11917	#9C9C9C
11918	#ADADAD
11919	#B0B0B0
11920	#9B9B9B
11921	#969696
11922	#979797
11923	#929292
11924	#8C8C8C
11925	#6E6E6E
11926	#585858
11927	#5B5B5B
11928	#595959
11929	#525252
11930	#5F5F5F
11931	#717171
11932	#808080
11933	#989898
11934	#9D9D9D
11935	#9F9F9F
11936	#989898
11937	#A9A9A9
11938	#B6B6B6
11939	#B2B2B2
11940	#B6B6B6
11941	#BEBEBE
11942	#C3C3C3
11943	#CBCBCB
11944	#CFCFCF
11945	#CFCFCF
11946	#CECECE
11947	#CFCFCF
11948	#D0D0D0
11949	#D0D0D0
11950	#D1D1D1
11951	#D0D0D0
11952	#CACACA
11953	#C7C7C7
11954	#C0C0C0
11955	#BCBCBC
11956	#BABABA
11957	#BBBBBB
11958	#BCBCBC
11959	#BFBFBF
11960	#C0C0C0
11961	#C2C2C2
11962	#C2C1C2
11963	#C0C1C0
11964	#BFC2BF
11965	#BCC0BC
11966	#B4B9B4
11967	#AFB4AF
11968	#A8ACA8
11969	#8D908D
11970	#818281
11971	#797979
11972	#747474
11973	#777777
11974	#7E7E7E
11975	#989899
11976	#9C9C76
11977	#909057
11978	#9A9A60
11979	#B3B38F
11980	#A5A5A5
11981	#818C81
11982	#739673
11983	#5F9F5F
11984	#419B41
11985	#178A17
11986	#008200
11987	#008300
11988	#007600
11989	#005F00
11990	#004400
11991	#002800
11992	#001100
11993	#000200
11994	#000045
11995	#0000D1
11996	#0000BD
11997	#A7A7D1
11998	#FFFFFF
11999	#FFFFFF
12000	#FFFFFF
12001	#FFFFFF
12002	#FFFFFF
12003	#FFFFFF
12004	#E9E9E9
12005	#131313
12006	#000000
12007	#000000
12008	#000000
12009	#000000
12010	#000000
12011	#000000
12012	#010101
12013	#0F0F0F
12014	#2C2C2C
12015	#4A4A4A
12016	#676767
12017	#808080
12018	#929292
12019	#ABABAB
12020	#ABABAB
12021	#959595
12022	#9C9C9C
12023	#9E9E9E
12024	#9C9C9C
12025	#959595
12026	#7A7A7A
12027	#666666
12028	#5B5B5B
12029	#565656
12030	#5D5D5D
12031	#747474
12032	#7E7E7E
12033	#808080
12034	#8C8C8C
12035	#9A9A9A
12036	#9F9F9F
12037	#909090
12038	#878787
12039	#A3A3A3
12040	#A8A8A8
12041	#AEAEAE
12042	#B6B6B6
12043	#BEBEBE
12044	#C6C6C6
12045	#CECECE
12046	#CDCDCD
12047	#D0D0D0
12048	#D0D0D0
12049	#D0D0D0
12050	#CFCFCF
12051	#CECECE
12052	#CFCFCF
12053	#CDCDCD
12054	#C9C9C9
12055	#C3C3C3
12056	#BFBFBF
12057	#BCBCBC
12058	#BCBCBC
12059	#BDBDBD
12060	#BCBCBC
12061	#BFBFBF
12062	#BFBFBF
12063	#BCBCBC
12064	#BCBCBC
12065	#BABABA
12066	#BBBBBB
12067	#B9B9B9
12068	#B5B5B5
12069	#B1B1B1
12070	#A9A9A9
12071	#919191
12072	#8B8B8B
12073	#828282
12074	#7C7C7C
12075	#7B7B7B
12076	#737373
12077	#747474
12078	#8E8E8E
12079	#939393
12080	#A1A1A1
12081	#B5B5B5
12082	#9C9C9C
12083	#7E7E7E
12084	#6F6F6F
12085	#5A5A5A
12086	#363636
12087	#0E0E0E
12088	#000000
12089	#000000
12090	#000000
12091	#000000
12092	#000000
12093	#000000
12094	#000000
12095	#000000
12096	#000000
12097	#000000
12098	#333333
12099	#FFFFFF
12100	#FFFFFF
12101	#FFFFFF
12102	#FFFFFF
12103	#5C5C5C
12104	#000000
12105	#000000
12106	#000000
12107	#000000
12108	#000000
12109	#000000
12110	#000000
12111	#070707
12112	#212121
12113	#404040
12114	#5C5C5C
12115	#797979
12116	#898989
12117	#A3A3A3
12118	#AFAFAF
12119	#9B9B9B
12120	#999999
12121	#9F9F9F
12122	#9C9C9C
12123	#9B9B9B
12124	#858585
12125	#6B6B6B
12126	#5F5F5F
12127	#575757
12128	#585858
12129	#6C6C6C
12130	#7D7D7D
12131	#808080
12132	#858585
12133	#979797
12134	#9D9D9D
12135	#9A9A9A
12136	#838383
12137	#999999
12138	#A8A8A8
12139	#ABABAB
12140	#B3B3B3
12141	#BBBBBB
12142	#C3C3C3
12143	#CDCDCD
12144	#CECECE
12145	#CFCFCF
12146	#D0D0D0
12147	#D0D0D0
12148	#CFCFCF
12149	#CECECE
12150	#CFCFCF
12151	#CFCFCF
12152	#CACACA
12153	#C5C5C5
12154	#C0C0C0
12155	#BDBDBD
12156	#BCBCBC
12157	#BDBDBD
12158	#BCBCBC
12159	#BEBEBE
12160	#BFBFBF
12161	#BDBDBD
12162	#BCBCBC
12163	#BBBBBB
12164	#BABABA
12165	#BABBBA
12166	#B6B8B6
12167	#B3B4B3
12168	#ADADAD
12169	#9B9B9B
12170	#8B8B8B
12171	#878787
12172	#7D7D7D
12173	#7C7C7C
12174	#767676
12175	#707071
12176	#84845E
12177	#95955B
12178	#97975D
12179	#B3B394
12180	#AAAAAC
12181	#859285
12182	#769E76
12183	#62A962
12184	#45AB45
12185	#1B9A1B
12186	#029102
12187	#009100
12188	#008400
12189	#006900
12190	#004B00
12191	#002D00
12192	#001300
12193	#000200
12194	#000042
12195	#0000CE
12196	#0000BD
12197	#A8A8D1
12198	#FFFFFF
12199	#FFFFFF
12200	#FFFFFF
12201	#FFFFFF
12202	#FFFFFF
12203	#FFFFFF
12204	#EAEAEA
12205	#151515
12206	#000000
12207	#000000
12208	#000000
12209	#000000
12210	#000000
12211	#000000
12212	#010101
12213	#0E0E0E
12214	#2F2F2F
12215	#4D4D4D
12216	#646464
12217	#777777
12218	#919191
12219	#ABABAB
12220	#9B9B9B
12221	#8A8A8A
12222	#9E9E9E
12223	#9F9F9F
12224	#9D9D9D
12225	#848484
12226	#717171
12227	#6E6E6E
12228	#696969
12229	#707070
12230	#7A7A7A
12231	#7A7A7A
12232	#787878
12233	#7F7F7F
12234	#808080
12235	#858585
12236	#8F8F8F
12237	#7B7B7B
12238	#737373
12239	#939393
12240	#A7A7A7
12241	#B1B1B1
12242	#BBBBBB
12243	#C0C0C0
12244	#C5C5C5
12245	#CCCCCC
12246	#CDCDCD
12247	#CFCFCF
12248	#D0D0D0
12249	#D0D0D0
12250	#CFCFCF
12251	#CFCFCF
12252	#D0D0D0
12253	#CECECE
12254	#C7C7C7
12255	#C3C3C3
12256	#BFBFBF
12257	#BCBCBC
12258	#BBBBBB
12259	#BCBCBC
12260	#BDBDBD
12261	#BEBEBE
12262	#BEBEBE
12263	#BCBCBC
12264	#BABABA
12265	#B5B5B5
12266	#B1B1B1
12267	#B1B1B1
12268	#B7B7B7
12269	#B9B9B9
12270	#B4B4B4
12271	#9E9E9E
12272	#898989
12273	#919191
12274	#8E8E8E
12275	#838383
12276	#686868
12277	#5B5B5B
12278	#6B6B6B
12279	#919191
12280	#A3A3A3
12281	#B9B9B9
12282	#A1A1A1
12283	#7F7F7F
12284	#717171
12285	#5C5C5C
12286	#383838
12287	#111111
12288	#000000
12289	#000000
12290	#000000
12291	#000000
12292	#000000
12293	#000000
12294	#000000
12295	#000000
12296	#000000
12297	#000000
12298	#353535
12299	#FFFFFF
12300	#FFFFFF
12301	#FFFFFF
12302	#FFFFFF
12303	#5E5E5E
12304	#000000
12305	#000000
12306	#000000
12307	#000000
12308	#000000
12309	#000000
12310	#000000
12311	#060606
12312	#222222
12313	#434343
12314	#5C5C5C
12315	#717171
12316	#848484
12317	#A5A5A5
12318	#A7A7A7
12319	#888888
12320	#999999
12321	#9F9F9F
12322	#9F9F9F
12323	#8F8F8F
12324	#757575
12325	#707070
12326	#6A6A6A
12327	#6C6C6C
12328	#777777
12329	#7B7B7B
12330	#787878
12331	#7D7D7D
12332	#7F7F7F
12333	#848484
12334	#8B8B8B
12335	#888888
12336	#6E6E6E
12337	#898989
12338	#A2A2A2
12339	#AEAEAE
12340	#B8B8B8
12341	#BFBFBF
12342	#C3C3C3
12343	#CACACA
12344	#CDCDCD
12345	#CECECE
12346	#D0D0D0
12347	#D0D0D0
12348	#D0D0D0
12349	#CFCFCF
12350	#D0D0D0
12351	#D0D0D0
12352	#CACACA
12353	#C5C5C5
12354	#C1C1C1
12355	#BDBDBD
12356	#BBBBBB
12357	#BBBBBB
12358	#BCBCBC
12359	#BDBDBD
12360	#BEBEBE
12361	#BDBDBD
12362	#BBBBBB
12363	#B7B7B7
12364	#B2B2B2
12365	#B0B0B0
12366	#B5B5B5
12367	#B9B8B9
12368	#B6B6B6
12369	#AAAAAA
12370	#8C8C8C
12371	#8F8F8F
12372	#8F8F8F
12373	#8A8A8A
12374	#717172
12375	#5D5D5D
12376	#60603A
12377	#85854C
12378	#9C9C62
12379	#B4B495
12380	#AFB0B1
12381	#879787
12382	#78A478
12383	#65B465
12384	#48B748
12385	#1DA71D
12386	#04A001
12387	#009E00
12388	#008F00
12389	#007200
12390	#005200
12391	#003100
12392	#001500
12393	#000300
12394	#000042
12395	#0000CB
12396	#0000BC
12397	#AAAAD2
12398	#FFFFFF
12399	#FFFFFF
12400	#FFFFFF
12401	#FFFFFF
12402	#FFFFFF
12403	#FFFFFF
12404	#E9E9E9
12405	#121212
12406	#000000
12407	#000000
12408	#000000
12409	#000000
12410	#000000
12411	#000000
12412	#010101
12413	#0D0D0D
12414	#303030
12415	#505050
12416	#666666
12417	#727272
12418	#909090
12419	#AAAAAA
12420	#999999
12421	#898989
12422	#959595
12423	#9F9F9F
12424	#8A8A8A
12425	#7C7C7C
12426	#787878
12427	#7D7D7D
12428	#8A8A8A
12429	#909090
12430	#888888
12431	#828282
12432	#828282
12433	#6B6B6B
12434	#5F5F5F
12435	#818181
12436	#8B8B8B
12437	#757575
12438	#6E6E6E
12439	#919191
12440	#ABABAB
12441	#B1B1B1
12442	#B9B9B9
12443	#C0C0C0
12444	#C7C7C7
12445	#CDCDCD
12446	#CECECE
12447	#CFCFCF
12448	#CFCFCF
12449	#D0D0D0
12450	#D0D0D0
12451	#D1D1D1
12452	#D2D2D2
12453	#CECECE
12454	#C8C8C8
12455	#C8C8C8
12456	#C4C4C4
12457	#BEBEBE
12458	#B9B9B9
12459	#B9B9B9
12460	#BFBFBF
12461	#BEBEBE
12462	#B9B9B9
12463	#BBBBBB
12464	#BCBCBC
12465	#B9B9B9
12466	#B5B5B5
12467	#AEAEAE
12468	#AEAEAE
12469	#B0B0B0
12470	#B1B1B1
12471	#ADADAD
12472	#8D8D8D
12473	#8D8D8D
12474	#858585
12475	#7D7D7D
12476	#747474
12477	#646464
12478	#595959
12479	#6F6F6F
12480	#A2A2A2
12481	#BABABA
12482	#A5A5A5
12483	#7F7F7F
12484	#727272
12485	#5E5E5E
12486	#393939
12487	#131313
12488	#020202
12489	#000000
12490	#000000
12491	#000000
12492	#000000
12493	#000000
12494	#000000
12495	#000000
12496	#000000
12497	#000000
12498	#323232
12499	#FFFFFF
12500	#FFFFFF
12501	#FFFFFF
12502	#FFFFFF
12503	#5B5B5B
12504	#000000
12505	#000000
12506	#000000
12507	#000000
12508	#000000
12509	#000000
12510	#000000
12511	#060606
12512	#212121
12513	#464646
12514	#5E5E5E
12515	#6F6F6F
12516	#808080
12517	#A5A5A5
12518	#A4A4A4
12519	#8A8A8A
12520	#8E8E8E
12521	#9E9E9E
12522	#949494
12523	#7F7F7F
12524	#7A7A7A
12525	#797979
12526	#858585
12527	#909090
12528	#8C8C8C
12529	#838383
12530	#838383
12531	#777777
12532	#5C5C5C
12533	#757575
12534	#8A8A8A
12535	#818181
12536	#686868
12537	#848484
12538	#A3A3A3
12539	#B0B0B0
12540	#B5B5B5
12541	#BEBEBE
12542	#C4C4C4
12543	#CBCBCB
12544	#CECECE
12545	#CFCFCF
12546	#CFCFCF
12547	#D0D0D0
12548	#D0D0D0
12549	#D0D0D0
12550	#D1D1D1
12551	#D0D0D0
12552	#C9C9C9
12553	#C8C8C8
12554	#C6C6C6
12555	#C1C1C1
12556	#BABABA
12557	#B8B8B8
12558	#BEBEBE
12559	#BFBFBF
12560	#BBBBBB
12561	#B9B9B9
12562	#BDBDBD
12563	#BABABA
12564	#B6B6B6
12565	#B1B1B1
12566	#ADADAD
12567	#B1B1B1
12568	#AFAFAF
12569	#B2B2B2
12570	#989898
12571	#8A8A8A
12572	#8B8B8B
12573	#7E7E7E
12574	#787878
12575	#6B6B6B
12576	#5A5A34
12577	#626229
12578	#909056
12579	#B6B696
12580	#B3B4B5
12581	#899A89
12582	#78A778
12583	#66BA66
12584	#49C149
12585	#1EB31C
12586	#06AE1D
12587	#00AA12
12588	#009A00
12589	#007C00
12590	#005700
12591	#003500
12592	#001700
12593	#000200
12594	#000042
12595	#0000CB
12596	#0000B9
12597	#A7A7D0
12598	#FFFFFF
12599	#FFFFFF
12600	#FFFFFF
12601	#FFFFFF
12602	#FFFFFF
12603	#FFFFFF
12604	#E9E9E9
12605	#121212
12606	#000000
12607	#000000
12608	#000000
12609	#000000
12610	#000000
12611	#000000
12612	#000000
12613	#0C0C0C
12614	#303030
12615	#515151
12616	#676767
12617	#747474
12618	#939393
12619	#AFAFAF
12620	#9D9D9D
12621	#8B8B8B
12622	#8F8F8F
12623	#7D7D7D
12624	#797979
12625	#7B7B7B
12626	#858585
12627	#929292
12628	#929292
12629	#8E8E8E
12630	#8F8F8F
12631	#858585
12632	#6B6B6B
12633	#5B5B5B
12634	#686868
12635	#868686
12636	#777777
12637	#696969
12638	#727272
12639	#9C9C9C
12640	#ACACAC
12641	#B2B2B2
12642	#BABABA
12643	#C0C0C0
12644	#C6C6C6
12645	#CECECE
12646	#CFCFCF
12647	#CECECE
12648	#CFCFCF
12649	#D0D0D0
12650	#CFCFCF
12651	#D1D1D1
12652	#D1D1D1
12653	#CBCBCB
12654	#C9C9C9
12655	#CACACA
12656	#C6C6C6
12657	#C1C1C1
12658	#BDBDBD
12659	#BFBFBF
12660	#C3C3C3
12661	#C0C0C0
12662	#BABABA
12663	#BABABA
12664	#BDBDBD
12665	#BBBBBB
12666	#B6B6B6
12667	#B3B3B3
12668	#AEAEAE
12669	#ADADAD
12670	#A8A8A8
12671	#A7A7A7
12672	#919191
12673	#888888
12674	#838383
12675	#7A7A7A
12676	#7D7D7D
12677	#808080
12678	#6E6E6E
12679	#5D5D5D
12680	#8F8F8F
12681	#BABABA
12682	#ACACAC
12683	#838383
12684	#737373
12685	#5E5E5E
12686	#3B3B3B
12687	#131313
12688	#020202
12689	#000000
12690	#000000
12691	#000000
12692	#000000
12693	#000000
12694	#000000
12695	#000000
12696	#000000
12697	#000000
12698	#323232
12699	#FFFFFF
12700	#FFFFFF
12701	#FFFFFF
12702	#FFFFFF
12703	#5B5B5B
12704	#000000
12705	#000000
12706	#000000
12707	#000000
12708	#000000
12709	#000000
12710	#000000
12711	#050505
12712	#212121
12713	#474747
12714	#606060
12715	#707070
12716	#848484
12717	#A9A9A9
12718	#A9A9A9
12719	#8C8C8C
12720	#8F8F8F
12721	#858585
12722	#777777
12723	#7B7B7B
12724	#7F7F7F
12725	#8E8E8E
12726	#939393
12727	#8F8F8F
12728	#8F8F8F
12729	#8B8B8B
12730	#757575
12731	#5F5F5F
12732	#5E5E5E
12733	#7F7F7F
12734	#7F7F7F
12735	#6C6C6C
12736	#696969
12737	#8E8E8E
12738	#A9A9A9
12739	#B0B0B0
12740	#B6B6B6
12741	#BFBFBF
12742	#C3C3C3
12743	#CBCBCB
12744	#CFCFCF
12745	#CFCFCF
12746	#CECECE
12747	#D0D0D0
12748	#CFCFCF
12749	#D0D0D0
12750	#D1D1D1
12751	#CECECE
12752	#C9C9C9
12753	#CACACA
12754	#C7C7C7
12755	#C4C4C4
12756	#BFBFBF
12757	#BDBDBD
12758	#C3C3C3
12759	#C1C1C1
12760	#BCBCBC
12761	#B9B9B9
12762	#BCBCBC
12763	#BCBCBC
12764	#B8B8B8
12765	#B4B4B4
12766	#AFAFAF
12767	#ADADAD
12768	#AAAAAA
12769	#A7A7A7
12770	#9D9D9D
12771	#868686
12772	#898989
12773	#7A7A7A
12774	#7C7C7C
12775	#808081
12776	#787852
12777	#5F5F26
12778	#75753B
12779	#B2B293
12780	#B7B7B9
12781	#90A390
12782	#78AB78
12783	#67C167
12784	#4ACA49
12785	#1FBE26
12786	#06B9A2
12787	#00B5AA
12788	#00A320
12789	#008400
12790	#005E00
12791	#003900
12792	#001900
12793	#000300
12794	#000040
12795	#0000CA
12796	#0000B6
12797	#A7A7CF
12798	#FFFFFF
12799	#FFFFFF
12800	#FFFFFF
12801	#FFFFFF
12802	#FFFFFF
12803	#FFFFFF
12804	#E9E9E9
12805	#121212
12806	#000000
12807	#000000
12808	#000000
12809	#000000
12810	#000000
12811	#000000
12812	#000000
12813	#0B0B0B
12814	#303030
12815	#525252
12816	#686868
12817	#757575
12818	#959595
12819	#B3B3B3
12820	#9E9E9E
12821	#929292
12822	#757575
12823	#555555
12824	#656565
12825	#828282
12826	#919191
12827	#8E8E8E
12828	#8C8C8C
12829	#8B8B8B
12830	#7F7F7F
12831	#757575
12832	#757575
12833	#7E7E7E
12834	#7E7E7E
12835	#7E7E7E
12836	#7B7B7B
12837	#757575
12838	#787878
12839	#A1A1A1
12840	#ACACAC
12841	#B7B7B7
12842	#BCBCBC
12843	#C1C1C1
12844	#C3C3C3
12845	#CCCCCC
12846	#CDCDCD
12847	#CDCDCD
12848	#CFCFCF
12849	#D0D0D0
12850	#CFCFCF
12851	#CFCFCF
12852	#D0D0D0
12853	#CBCBCB
12854	#C9C9C9
12855	#CBCBCB
12856	#C9C9C9
12857	#C3C3C3
12858	#BFBFBF
12859	#C1C1C1
12860	#C5C5C5
12861	#C6C6C6
12862	#C2C2C2
12863	#BFBFBF
12864	#C1C1C1
12865	#BEBEBE
12866	#B9B9B9
12867	#B5B5B5
12868	#B1B1B1
12869	#AEAEAE
12870	#AAAAAA
12871	#A0A0A0
12872	#808080
12873	#626262
12874	#828282
12875	#898989
12876	#818181
12877	#848484
12878	#828282
12879	#757575
12880	#858585
12881	#B2B2B2
12882	#B2B2B2
12883	#8A8A8A
12884	#727272
12885	#5F5F5F
12886	#3B3B3B
12887	#131313
12888	#020202
12889	#000000
12890	#000000
12891	#000000
12892	#000000
12893	#000000
12894	#000000
12895	#000000
12896	#000000
12897	#000000
12898	#323232
12899	#FFFFFF
12900	#FFFFFF
12901	#FFFFFF
12902	#FFFFFF
12903	#5B5B5B
12904	#000000
12905	#000000
12906	#000000
12907	#000000
12908	#000000
12909	#000000
12910	#000000
12911	#050505
12912	#202020
12913	#474747
12914	#606060
12915	#717171
12916	#858585
12917	#ADADAD
12918	#AAAAAA
12919	#929292
12920	#878787
12921	#5B5B5B
12922	#5D5D5D
12923	#777777
12924	#8E8E8E
12925	#909090
12926	#8D8D8D
12927	#8C8C8C
12928	#848484
12929	#777777
12930	#737373
12931	#7B7B7B
12932	#7F7F7F
12933	#7D7D7D
12934	#7D7D7D
12935	#787878
12936	#717171
12937	#949494
12938	#A9A9A9
12939	#B4B4B4
12940	#BABABA
12941	#BFBFBF
12942	#C2C2C2
12943	#C9C9C9
12944	#CDCDCD
12945	#CCCCCC
12946	#CECECE
12947	#D0D0D0
12948	#D0D0D0
12949	#D0D0D0
12950	#D0D0D0
12951	#CECECE
12952	#C9C9C9
12953	#CBCBCB
12954	#CACACA
12955	#C5C5C5
12956	#BFBFBF
12957	#C0C0C0
12958	#C4C4C4
12959	#C6C6C6
12960	#C4C4C4
12961	#C0C0C0
12962	#C0C0C0
12963	#C0C0C0
12964	#BABABA
12965	#B7B7B7
12966	#B3B3B3
12967	#AFAFAF
12968	#ABABAB
12969	#A5A5A5
12970	#909090
12971	#666666
12972	#757575
12973	#8C8C8C
12974	#838383
12975	#828281
12976	#84845B
12977	#79793E
12978	#7A7A3E
12979	#A3A37F
12980	#B9B9BA
12981	#9BAE9B
12982	#78AF78
12983	#67C767
12984	#4BD146
12985	#1FC64D
12986	#0BC7C6
12987	#04C4CA
12988	#00AC50
12989	#008B00
12990	#006400
12991	#003C00
12992	#001B00
12993	#000300
12994	#000050
12995	#0000C8
12996	#0000B5
12997	#A7A7CF
12998	#FFFFFF
12999	#FFFFFF
13000	#FFFFFF
13001	#FFFFFF
13002	#FFFFFF
13003	#FFFFFF
13004	#E9E9E9
13005	#121212
13006	#000000
13007	#000000
13008	#000000
13009	#000000
13010	#000000
13011	#000000
13012	#000000
13013	#0B0B0B
13014	#303030
13015	#535353
13016	#686868
13017	#747474
13018	#979797
13019	#B6B6B6
13020	#A5A5A5
13021	#848484
13022	#565656
13023	#565656
13024	#6A6A6A
13025	#808080
13026	#8D8D8D
13027	#919191
13028	#909090
13029	#797979
13030	#717171
13031	#747474
13032	#7A7A7A
13033	#838383
13034	#727272
13035	#767676
13036	#808080
13037	#777777
13038	#777777
13039	#A4A4A4
13040	#B1B1B1
13041	#B9B9B9
13042	#BCBCBC
13043	#C0C0C0
13044	#C0C0C0
13045	#CACACA
13046	#CBCBCB
13047	#C8C8C8
13048	#CBCBCB
13049	#CCCCCC
13050	#CCCCCC
13051	#CECECE
13052	#D0D0D0
13053	#CFCFCF
13054	#CCCCCC
13055	#CDCDCD
13056	#C9C9C9
13057	#C2C2C2
13058	#C0C0C0
13059	#C1C1C1
13060	#C5C5C5
13061	#C6C6C6
13062	#C3C3C3
13063	#C1C1C1
13064	#C3C3C3
13065	#C1C1C1
13066	#BEBEBE
13067	#BCBCBC
13068	#BABABA
13069	#B4B4B4
13070	#AAAAAA
13071	#9E9E9E
13072	#848484
13073	#555555
13074	#595959
13075	#747474
13076	#828282
13077	#828282
13078	#7F7F7F
13079	#888888
13080	#949494
13081	#A7A7A7
13082	#B2B2B2
13083	#949494
13084	#707070
13085	#5E5E5E
13086	#3B3B3B
13087	#141414
13088	#020202
13089	#000000
13090	#000000
13091	#000000
13092	#000000
13093	#000000
13094	#000000
13095	#000000
13096	#000000
13097	#000000
13098	#323232
13099	#FFFFFF
13100	#FFFFFF
13101	#FFFFFF
13102	#FFFFFF
13103	#5B5B5B
13104	#000000
13105	#000000
13106	#000000
13107	#000000
13108	#000000
13109	#000000
13110	#000000
13111	#050505
13112	#202020
13113	#494949
13114	#616161
13115	#717171
13116	#858585
13117	#B1B1B1
13118	#AEAEAE
13119	#939393
13120	#636363
13121	#515151
13122	#626262
13123	#797979
13124	#8A8A8A
13125	#909090
13126	#939393
13127	#828282
13128	#707070
13129	#747474
13130	#757575
13131	#848484
13132	#787878
13133	#727272
13134	#7E7E7E
13135	#7F7F7F
13136	#6E6E6E
13137	#959595
13138	#AEAEAE
13139	#B7B7B7
13140	#BBBBBB
13141	#BFBFBF
13142	#BFBFBF
13143	#C6C6C6
13144	#CCCCCC
13145	#C8C8C8
13146	#CACACA
13147	#CCCCCC
13148	#CCCCCC
13149	#CDCDCD
13150	#CFCFCF
13151	#D0D0D0
13152	#CDCDCD
13153	#CDCDCD
13154	#CBCBCB
13155	#C5C5C5
13156	#C0C0C0
13157	#C1C1C1
13158	#C4C4C4
13159	#C6C6C6
13160	#C5C5C5
13161	#C1C1C1
13162	#C2C2C2
13163	#C2C2C2
13164	#BEBEBE
13165	#BDBDBD
13166	#BBBBBB
13167	#B7B7B7
13168	#AEAEAE
13169	#A3A3A3
13170	#919191
13171	#646464
13172	#525252
13173	#6B6B6B
13174	#7F7F80
13175	#828278
13176	#80804B
13177	#818146
13178	#929254
13179	#9C9C69
13180	#B4B4AF
13181	#A3B8A4
13182	#7AB47A
13183	#65CA65
13184	#4BD842
13185	#21D284
13186	#12B4C9
13187	#0C9EBD
13188	#02B583
13189	#009300
13190	#006A00
13191	#004000
13192	#001C00
13193	#000400
13194	#000090
13195	#0000C9
13196	#0000B5
13197	#A7A7CF
13198	#FFFFFF
13199	#FFFFFF
13200	#FFFFFF
13201	#FFFFFF
13202	#FFFFFF
13203	#FFFFFF
13204	#E9E9E9
13205	#141414
13206	#000000
13207	#000000
13208	#000000
13209	#000000
13210	#000000
13211	#000000
13212	#000000
13213	#0B0B0B
13214	#2E2E2E
13215	#545454
13216	#686868
13217	#737373
13218	#999999
13219	#B5B5B5
13220	#A8A8A8
13221	#676767
13222	#545454
13223	#6F6F6F
13224	#797979
13225	#7A7A7A
13226	#818181
13227	#7E7E7E
13228	#6D6D6D
13229	#696969
13230	#6B6B6B
13231	#717171
13232	#7A7A7A
13233	#757575
13234	#686868
13235	#777777
13236	#878787
13237	#888888
13238	#818181
13239	#A4A4A4
13240	#B1B1B1
13241	#B9B9B9
13242	#BCBCBC
13243	#BDBDBD
13244	#C0C0C0
13245	#CACACA
13246	#CDCDCD
13247	#CACACA
13248	#CDCDCD
13249	#CECECE
13250	#D0D0D0
13251	#D2D2D2
13252	#D3D3D3
13253	#D1D1D1
13254	#CFCFCF
13255	#CECECE
13256	#CACACA
13257	#C3C3C3
13258	#C2C2C2
13259	#C3C3C3
13260	#C5C5C5
13261	#C7C7C7
13262	#C6C6C6
13263	#C3C3C3
13264	#C5C5C5
13265	#C2C2C2
13266	#BDBDBD
13267	#BABABA
13268	#B9B9B9
13269	#B9B9B9
13270	#AFAFAF
13271	#A0A0A0
13272	#898989
13273	#575757
13274	#515151
13275	#515151
13276	#5F5F5F
13277	#797979
13278	#808080
13279	#939393
13280	#9F9F9F
13281	#A5A5A5
13282	#AEAEAE
13283	#9D9D9D
13284	#727272
13285	#5E5E5E
13286	#3E3E3E
13287	#171717
13288	#030303
13289	#000000
13290	#000000
13291	#000000
13292	#000000
13293	#000000
13294	#000000
13295	#000000
13296	#000000
13297	#000000
13298	#343434
13299	#FFFFFF
13300	#FFFFFF
13301	#FFFFFF
13302	#FFFFFF
13303	#5D5D5D
13304	#000000
13305	#000000
13306	#000000
13307	#000000
13308	#000000
13309	#000000
13310	#000000
13311	#050505
13312	#1E1E1E
13313	#494949
13314	#626262
13315	#707070
13316	#868686
13317	#B1B1B1
13318	#B1B1B1
13319	#828282
13320	#525252
13321	#656565
13322	#787878
13323	#7A7A7A
13324	#7E7E7E
13325	#818181
13326	#737373
13327	#686868
13328	#6B6B6B
13329	#6D6D6D
13330	#787878
13331	#797979
13332	#6B6B6B
13333	#6F6F6F
13334	#818181
13335	#8D8D8D
13336	#7D7D7D
13337	#989898
13338	#ADADAD
13339	#B7B7B7
13340	#BBBBBB
13341	#BDBDBD
13342	#BEBEBE
13343	#C6C6C6
13344	#CECECE
13345	#CBCBCB
13346	#CBCBCB
13347	#CECECE
13348	#CFCFCF
13349	#D1D1D1
13350	#D3D3D3
13351	#D2D2D2
13352	#CFCFCF
13353	#CECECE
13354	#CCCCCC
13355	#C5C5C5
13356	#C2C2C2
13357	#C2C2C2
13358	#C5C5C5
13359	#C6C6C6
13360	#C7C7C7
13361	#C3C3C3
13362	#C4C4C4
13363	#C4C4C4
13364	#BEBEBE
13365	#BBBBBB
13366	#B9B9B9
13367	#BABABA
13368	#B4B4B4
13369	#A6A6A6
13370	#959595
13371	#696969
13372	#4E4E4E
13373	#525252
13374	#565658
13375	#717167
13376	#7E7E49
13377	#8A8A4F
13378	#9D9D60
13379	#A2A26F
13380	#ACADA8
13381	#A7BEA8
13382	#80BD80
13383	#65CE64
13384	#4BDF4F
13385	#27E2AF
13386	#1A4EC1
13387	#1314B5
13388	#05B29F
13389	#009A0A
13390	#006E00
13391	#004300
13392	#001E00
13393	#000400
13394	#000093
13395	#0000C7
13396	#0000B5
13397	#A9A9D0
13398	#FFFFFF
13399	#FFFFFF
13400	#FFFFFF
13401	#FFFFFF
13402	#FFFFFF
13403	#FFFFFF
13404	#E9E9E9
13405	#141414
13406	#000000
13407	#000000
13408	#000000
13409	#000000
13410	#000000
13411	#000000
13412	#000000
13413	#0A0A0A
13414	#2C2C2C
13415	#555555
13416	#686868
13417	#757575
13418	#A0A0A0
13419	#B6B6B6
13420	#A1A1A1
13421	#6A6A6A
13422	#6D6D6D
13423	#7B7B7B
13424	#7B7B7B
13425	#7B7B7B
13426	#747474
13427	#525252
13428	#4F4F4F
13429	#5A5A5A
13430	#676767
13431	#787878
13432	#707070
13433	#727272
13434	#7B7B7B
13435	#8D8D8D
13436	#959595
13437	#878787
13438	#7A7A7A
13439	#9D9D9D
13440	#AFAFAF
13441	#B6B6B6
13442	#BDBDBD
13443	#C0C0C0
13444	#C3C3C3
13445	#CBCBCB
13446	#CFCFCF
13447	#CFCFCF
13448	#CFCFCF
13449	#D1D1D1
13450	#D3D3D3
13451	#D4D4D4
13452	#D4D4D4
13453	#D3D3D3
13454	#CECECE
13455	#CACACA
13456	#C3C3C3
13457	#BCBCBC
13458	#BABABA
13459	#BABABA
13460	#BCBCBC
13461	#BDBDBD
13462	#BFBFBF
13463	#BCBCBC
13464	#C2C2C2
13465	#C3C3C3
13466	#BFBFBF
13467	#BBBBBB
13468	#B6B6B6
13469	#B5B5B5
13470	#B4B4B4
13471	#ACACAC
13472	#9B9B9B
13473	#666666
13474	#494949
13475	#515151
13476	#4F4F4F
13477	#4E4E4E
13478	#7C7C7C
13479	#9B9B9B
13480	#A2A2A2
13481	#A7A7A7
13482	#A9A9A9
13483	#A2A2A2
13484	#757575
13485	#5D5D5D
13486	#3F3F3F
13487	#171717
13488	#030303
13489	#000000
13490	#000000
13491	#000000
13492	#000000
13493	#000000
13494	#000000
13495	#000000
13496	#000000
13497	#000000
13498	#343434
13499	#FFFFFF
13500	#FFFFFF
13501	#FFFFFF
13502	#FFFFFF
13503	#5D5D5D
13504	#000000
13505	#000000
13506	#000000
13507	#000000
13508	#000000
13509	#000000
13510	#000000
13511	#040404
13512	#1C1C1C
13513	#494949
13514	#636363
13515	#6F6F6F
13516	#8E8E8E
13517	#B2B2B2
13518	#AFAFAF
13519	#7C7C7C
13520	#646464
13521	#797979
13522	#7B7B7B
13523	#7A7A7A
13524	#7B7B7B
13525	#5D5D5D
13526	#4C4C4C
13527	#565656
13528	#616161
13529	#747474
13530	#757575
13531	#6E6E6E
13532	#787878
13533	#858585
13534	#949494
13535	#909090
13536	#797979
13537	#8E8E8E
13538	#ABABAB
13539	#B3B3B3
13540	#BBBBBB
13541	#C0C0C0
13542	#C2C2C2
13543	#C7C7C7
13544	#CFCFCF
13545	#CFCFCF
13546	#CFCFCF
13547	#D1D1D1
13548	#D2D2D2
13549	#D4D4D4
13550	#D4D4D4
13551	#D4D4D4
13552	#D0D0D0
13553	#CCCCCC
13554	#C6C6C6
13555	#BEBEBE
13556	#BABABA
13557	#B9B9B9
13558	#BCBCBC
13559	#BCBCBC
13560	#BFBFBF
13561	#BCBCBC
13562	#BFBFBF
13563	#C4C4C4
13564	#C0C0C0
13565	#BDBDBD
13566	#B7B7B7
13567	#B5B5B5
13568	#B5B5B5
13569	#AFAFAF
13570	#A4A4A4
13571	#7C7C7C
13572	#4B4B4B
13573	#4E4E4E
13574	#515152
13575	#4A4A40
13576	#676732
13577	#959559
13578	#A0A063
13579	#A7A673
13580	#A7A8A2
13581	#A9C1AA
13582	#86C686
13583	#63D061
13584	#4DEA5B
13585	#2ACED1
13586	#201DB9
13587	#1909AB
13588	#079CBD
13589	#00A232
13590	#007200
13591	#004600
13592	#001F00
13593	#000400
13594	#000092
13595	#0000C6
13596	#0000B3
13597	#A9A9D0
13598	#FFFFFF
13599	#FFFFFF
13600	#FFFFFF
13601	#FFFFFF
13602	#FFFFFF
13603	#FFFFFF
13604	#E9E9E9
13605	#121212
13606	#000000
13607	#000000
13608	#000000
13609	#000000
13610	#000000
13611	#000000
13612	#000000
13613	#0A0A0A
13614	#2B2B2B
13615	#535353
13616	#686868
13617	#7A7A7A
13618	#A3A3A3
13619	#B4B4B4
13620	#989898
13621	#888888
13622	#797979
13623	#777777
13624	#808080
13625	#737373
13626	#4F4F4F
13627	#4A4A4A
13628	#555555
13629	#545454
13630	#5E5E5E
13631	#6C6C6C
13632	#7C7C7C
13633	#8F8F8F
13634	#8D8D8D
13635	#919191
13636	#9B9B9B
13637	#8D8D8D
13638	#787878
13639	#9B9B9B
13640	#ABABAB
13641	#AAAAAA
13642	#B5B5B5
13643	#BDBDBD
13644	#C3C3C3
13645	#CECECE
13646	#D1D1D1
13647	#D1D1D1
13648	#D1D1D1
13649	#D2D2D2
13650	#D3D3D3
13651	#D4D4D4
13652	#D3D3D3
13653	#D4D4D4
13654	#D0D0D0
13655	#CACACA
13656	#C3C3C3
13657	#BABABA
13658	#B8B8B8
13659	#BBBBBB
13660	#BDBDBD
13661	#BCBCBC
13662	#BFBFBF
13663	#BCBCBC
13664	#BCBCBC
13665	#BCBCBC
13666	#B9B9B9
13667	#B8B8B8
13668	#B5B5B5
13669	#B2B2B2
13670	#B1B1B1
13671	#AEAEAE
13672	#A6A6A6
13673	#818181
13674	#5F5F5F
13675	#595959
13676	#4E4E4E
13677	#464646
13678	#646464
13679	#959595
13680	#A5A5A5
13681	#A2A2A2
13682	#A8A8A8
13683	#A5A5A5
13684	#797979
13685	#5D5D5D
13686	#3F3F3F
13687	#181818
13688	#040404
13689	#000000
13690	#000000
13691	#000000
13692	#000000
13693	#000000
13694	#000000
13695	#000000
13696	#000000
13697	#000000
13698	#323232
13699	#FFFFFF
13700	#FFFFFF
13701	#FFFFFF
13702	#FFFFFF
13703	#5B5B5B
13704	#000000
13705	#000000
13706	#000000
13707	#000000
13708	#000000
13709	#000000
13710	#000000
13711	#040404
13712	#1B1B1B
13713	#464646
13714	#636363
13715	#707070
13716	#959595
13717	#B2B2B2
13718	#A6A6A6
13719	#8A8A8A
13720	#808080
13721	#757575
13722	#7E7E7E
13723	#7C7C7C
13724	#5B5B5B
13725	#474747
13726	#535353
13727	#545454
13728	#595959
13729	#676767
13730	#757575
13731	#8A8A8A
13732	#8F8F8F
13733	#8E8E8E
13734	#989898
13735	#979797
13736	#7A7A7A
13737	#8B8B8B
13738	#AAAAAA
13739	#A9A9A9
13740	#B1B1B1
13741	#BBBBBB
13742	#C0C0C0
13743	#CACACA
13744	#D1D1D1
13745	#D1D1D1
13746	#D1D1D1
13747	#D2D2D2
13748	#D2D2D2
13749	#D4D4D4
13750	#D3D3D3
13751	#D4D4D4
13752	#D2D2D2
13753	#CCCCCC
13754	#C6C6C6
13755	#BDBDBD
13756	#B8B8B8
13757	#BABABA
13758	#BDBDBD
13759	#BCBCBC
13760	#BEBEBE
13761	#BDBDBD
13762	#BBBBBB
13763	#BDBDBD
13764	#B9B9B9
13765	#B9B9B9
13766	#B6B6B6
13767	#B3B3B3
13768	#B2B2B2
13769	#AFAFAF
13770	#AAAAAA
13771	#939393
13772	#666666
13773	#5B5B5B
13774	#525253
13775	#47473D
13776	#53531E
13777	#858549
13778	#A2A266
13779	#A5A471
13780	#A4A49F
13781	#ABC3AB
13782	#8CCD8C
13783	#64D362
13784	#4DEF5A
13785	#2EBACA
13786	#260BB4
13787	#1E00A6
13788	#0B72BA
13789	#00AA33
13790	#007600
13791	#004800
13792	#002000
13793	#000400
13794	#000092
13795	#0000C6
13796	#0000B1
13797	#A7A7CE
13798	#FFFFFF
13799	#FFFFFF
13800	#FFFFFF
13801	#FFFFFF
13802	#FFFFFF
13803	#FFFFFF
13804	#E9E9E9
13805	#121212
13806	#000000
13807	#000000
13808	#000000
13809	#000000
13810	#000000
13811	#000000
13812	#000000
13813	#090909
13814	#282828
13815	#525252
13816	#676767
13817	#828282
13818	#A1A1A1
13819	#ACACAC
13820	#9C9C9C
13821	#989898
13822	#868686
13823	#787878
13824	#707070
13825	#525252
13826	#4A4A4A
13827	#505050
13828	#515151
13829	#545454
13830	#696969
13831	#7F7F7F
13832	#8F8F8F
13833	#939393
13834	#8B8B8B
13835	#929292
13836	#969696
13837	#7C7C7C
13838	#616161
13839	#7E7E7E
13840	#999999
13841	#A1A1A1
13842	#B1B1B1
13843	#BCBCBC
13844	#C3C3C3
13845	#CFCFCF
13846	#D0D0D0
13847	#D0D0D0
13848	#D1D1D1
13849	#D3D3D3
13850	#D2D2D2
13851	#D2D2D2
13852	#D2D2D2
13853	#D3D3D3
13854	#D0D0D0
13855	#C8C8C8
13856	#C3C3C3
13857	#BBBBBB
13858	#B9B9B9
13859	#BBBBBB
13860	#BFBFBF
13861	#BDBDBD
13862	#BFBFBF
13863	#BBBBBB
13864	#BABABA
13865	#B9B9B9
13866	#B6B6B6
13867	#B0B0B0
13868	#ACACAC
13869	#ADADAD
13870	#ACACAC
13871	#AAAAAA
13872	#A3A3A3
13873	#858585
13874	#6D6D6D
13875	#6B6B6B
13876	#5B5B5B
13877	#5B5B5B
13878	#656565
13879	#777777
13880	#9D9D9D
13881	#9E9E9E
13882	#A9A9A9
13883	#A7A7A7
13884	#7D7D7D
13885	#5D5D5D
13886	#404040
13887	#191919
13888	#040404
13889	#000000
13890	#000000
13891	#000000
13892	#000000
13893	#000000
13894	#000000
13895	#000000
13896	#000000
13897	#000000
13898	#323232
13899	#FFFFFF
13900	#FFFFFF
13901	#FFFFFF
13902	#FFFFFF
13903	#5B5B5B
13904	#000000
13905	#000000
13906	#000000
13907	#000000
13908	#000000
13909	#000000
13910	#000000
13911	#040404
13912	#191919
13913	#444444
13914	#626262
13915	#737373
13916	#9A9A9A
13917	#ABABAB
13918	#A2A2A2
13919	#9B9B9B
13920	#8F8F8F
13921	#7A7A7A
13922	#777777
13923	#5C5C5C
13924	#4A4A4A
13925	#4D4D4D
13926	#515151
13927	#515151
13928	#606060
13929	#787878
13930	#8A8A8A
13931	#949494
13932	#8D8D8D
13933	#8F8F8F
13934	#969696
13935	#8B8B8B
13936	#646464
13937	#6E6E6E
13938	#939393
13939	#9D9D9D
13940	#ACACAC
13941	#B9B9B9
13942	#C0C0C0
13943	#CBCBCB
13944	#D1D1D1
13945	#D0D0D0
13946	#D1D1D1
13947	#D2D2D2
13948	#D2D2D2
13949	#D2D2D2
13950	#D2D2D2
13951	#D3D3D3
13952	#D2D2D2
13953	#CBCBCB
13954	#C5C5C5
13955	#BEBEBE
13956	#B9B9B9
13957	#B9B9B9
13958	#BFBFBF
13959	#BDBDBD
13960	#BFBFBF
13961	#BCBCBC
13962	#BABABA
13963	#BABABA
13964	#B7B7B7
13965	#B2B2B2
13966	#ACACAC
13967	#ADADAD
13968	#ACACAC
13969	#ABABAB
13970	#A7A7A7
13971	#949494
13972	#707070
13973	#6D6D6D
13974	#616162
13975	#58584E
13976	#63632E
13977	#6C6C31
13978	#909054
13979	#A2A16E
13980	#A2A29D
13981	#ADC5AE
13982	#90D190
13983	#65D662
13984	#4DF55A
13985	#3280CA
13986	#2802B2
13987	#2100A4
13988	#0E75B8
13989	#00AD32
13990	#007700
13991	#004800
13992	#002000
13993	#000400
13994	#000092
13995	#0000C6
13996	#0000B1
13997	#A7A7CE
13998	#FFFFFF
13999	#FFFFFF
14000	#FFFFFF
14001	#FFFFFF
14002	#FFFFFF
14003	#FFFFFF
14004	#E9E9E9
14005	#121212
14006	#000000
14007	#000000
14008	#000000
14009	#000000
14010	#000000
14011	#000000
14012	#000000
14013	#080808
14014	#252525
14015	#4E4E4E
14016	#656565
14017	#878787
14018	#A2A2A2
14019	#A9A9A9
14020	#A3A3A3
14021	#9B9B9B
14022	#949494
14023	#7C7C7C
14024	#4B4B4B
14025	#404040
14026	#4D4D4D
14027	#515151
14028	#5D5D5D
14029	#757575
14030	#848484
14031	#8F8F8F
14032	#909090
14033	#888888
14034	#838383
14035	#7B7B7B
14036	#646464
14037	#5F5F5F
14038	#5D5D5D
14039	#6C6C6C
14040	#8A8A8A
14041	#9D9D9D
14042	#AFAFAF
14043	#BABABA
14044	#C1C1C1
14045	#CACACA
14046	#CFCFCF
14047	#D1D1D1
14048	#D1D1D1
14049	#D2D2D2
14050	#D3D3D3
14051	#D3D3D3
14052	#D2D2D2
14053	#D4D4D4
14054	#CECECE
14055	#C8C8C8
14056	#C7C7C7
14057	#BEBEBE
14058	#B9B9B9
14059	#BBBBBB
14060	#BCBCBC
14061	#BABABA
14062	#BBBBBB
14063	#B7B7B7
14064	#B8B8B8
14065	#B8B8B8
14066	#B4B4B4
14067	#B1B1B1
14068	#A7A7A7
14069	#A1A1A1
14070	#A0A0A0
14071	#A4A4A4
14072	#A1A1A1
14073	#878787
14074	#6C6C6C
14075	#707070
14076	#797979
14077	#848484
14078	#747474
14079	#6C6C6C
14080	#7D7D7D
14081	#989898
14082	#ACACAC
14083	#ABABAB
14084	#7F7F7F
14085	#5D5D5D
14086	#424242
14087	#1A1A1A
14088	#040404
14089	#000000
14090	#000000
14091	#000000
14092	#000000
14093	#000000
14094	#000000
14095	#000000
14096	#000000
14097	#000000
14098	#323232
14099	#FFFFFF
14100	#FFFFFF
14101	#FFFFFF
14102	#FFFFFF
14103	#5B5B5B
14104	#000000
14105	#000000
14106	#000000
14107	#000000
14108	#000000
14109	#000000
14110	#000000
14111	#030303
14112	#171717
14113	#404040
14114	#5E5E5E
14115	#767676
14116	#9D9D9D
14117	#A7A7A7
14118	#A5A5A5
14119	#9F9F9F
14120	#969696
14121	#8A8A8A
14122	#5A5A5A
14123	#404040
14124	#474747
14125	#515151
14126	#545454
14127	#6E6E6E
14128	#7F7F7F
14129	#8C8C8C
14130	#919191
14131	#8D8D8D
14132	#818181
14133	#848484
14134	#696969
14135	#636363
14136	#5B5B5B
14137	#646464
14138	#7E7E7E
14139	#979797
14140	#A9A9A9
14141	#B6B6B6
14142	#BEBEBE
14143	#C7C7C7
14144	#CECECE
14145	#D0D0D0
14146	#D1D1D1
14147	#D1D1D1
14148	#D2D2D2
14149	#D3D3D3
14150	#D2D2D2
14151	#D4D4D4
14152	#D1D1D1
14153	#C9C9C9
14154	#C8C8C8
14155	#C1C1C1
14156	#BABABA
14157	#B9B9B9
14158	#BDBDBD
14159	#BABABA
14160	#BCBCBC
14161	#B8B8B8
14162	#B7B7B7
14163	#B8B8B8
14164	#B5B5B5
14165	#B3B3B3
14166	#ABABAB
14167	#A2A2A2
14168	#A0A0A0
14169	#A3A3A3
14170	#A4A4A4
14171	#959595
14172	#727272
14173	#6D6D6D
14174	#757576
14175	#838378
14176	#7B7B46
14177	#6D6D31
14178	#737337
14179	#90905D
14180	#A3A49F
14181	#B2C9B3
14182	#92D492
14183	#65D863
14184	#4EF75C
14185	#337DCB
14186	#2902B2
14187	#2100A4
14188	#0E75B8
14189	#00AE32
14190	#007800
14191	#004800
14192	#002000
14193	#000400
14194	#000092
14195	#0000C6
14196	#0000B1
14197	#A7A7CE
14198	#FFFFFF
14199	#FFFFFF
14200	#FFFFFF
14201	#FFFFFF
14202	#FFFFFF
14203	#FFFFFF
14204	#E9E9E9
14205	#121212
14206	#000000
14207	#000000
14208	#000000
14209	#000000
14210	#000000
14211	#000000
14212	#000000
14213	#060606
14214	#232323
14215	#4B4B4B
14216	#636363
14217	#898989
14218	#A5A5A5
14219	#A5A5A5
14220	#A1A1A1
14221	#9F9F9F
14222	#939393
14223	#656565
14224	#4F4F4F
14225	#454545
14226	#494949
14227	#606060
14228	#737373
14229	#7D7D7D
14230	#8B8B8B
14231	#909090
14232	#7C7C7C
14233	#6B6B6B
14234	#707070
14235	#5A5A5A
14236	#585858
14237	#636363
14238	#6D6D6D
14239	#6F6F6F
14240	#7B7B7B
14241	#939393
14242	#A7A7A7
14243	#B3B3B3
14244	#BDBDBD
14245	#CACACA
14246	#CECECE
14247	#D0D0D0
14248	#D1D1D1
14249	#D2D2D2
14250	#D3D3D3
14251	#D3D3D3
14252	#D4D4D4
14253	#D4D4D4
14254	#CECECE
14255	#CACACA
14256	#C9C9C9
14257	#C1C1C1
14258	#BFBFBF
14259	#BFBFBF
14260	#BCBCBC
14261	#BBBBBB
14262	#B9B9B9
14263	#B7B7B7
14264	#B5B5B5
14265	#B6B6B6
14266	#B1B1B1
14267	#ADADAD
14268	#ADADAD
14269	#A1A1A1
14270	#989898
14271	#949494
14272	#939393
14273	#878787
14274	#656565
14275	#737373
14276	#818181
14277	#8B8B8B
14278	#8A8A8A
14279	#7B7B7B
14280	#5D5D5D
14281	#7F7F7F
14282	#ACACAC
14283	#B1B1B1
14284	#818181
14285	#5F5F5F
14286	#444444
14287	#1A1A1A
14288	#050505
14289	#000000
14290	#000000
14291	#000000
14292	#000000
14293	#000000
14294	#000000
14295	#000000
14296	#000000
14297	#000000
14298	#323232
14299	#FFFFFF
14300	#FFFFFF
14301	#FFFFFF
14302	#FFFFFF
14303	#5B5B5B
14304	#000000
14305	#000000
14306	#000000
14307	#000000
14308	#000000
14309	#000000
14310	#000000
14311	#020202
14312	#151515
14313	#3D3D3D
14314	#5C5C5C
14315	#777777
14316	#9F9F9F
14317	#A7A7A7
14318	#A0A0A0
14319	#A0A0A0
14320	#9C9C9C
14321	#767676
14322	#545454
14323	#474747
14324	#454545
14325	#565656
14326	#6D6D6D
14327	#797979
14328	#868686
14329	#909090
14330	#868686
14331	#6E6E6E
14332	#6E6E6E
14333	#666666
14334	#545454
14335	#616161
14336	#686868
14337	#717171
14338	#717171
14339	#8C8C8C
14340	#9F9F9F
14341	#B0B0B0
14342	#B9B9B9
14343	#C6C6C6
14344	#CDCDCD
14345	#D0D0D0
14346	#D1D1D1
14347	#D2D2D2
14348	#D3D3D3
14349	#D3D3D3
14350	#D3D3D3
14351	#D4D4D4
14352	#D0D0D0
14353	#CACACA
14354	#CACACA
14355	#C4C4C4
14356	#BFBFBF
14357	#BFBFBF
14358	#BDBDBD
14359	#BBBBBB
14360	#BABABA
14361	#B7B7B7
14362	#B5B5B5
14363	#B6B6B6
14364	#B3B3B3
14365	#AEAEAE
14366	#ADADAD
14367	#A7A7A7
14368	#9A9A9A
14369	#969696
14370	#929292
14371	#919191
14372	#6D6D6D
14373	#6A6A6A
14374	#7F7F80
14375	#87877C
14376	#8D8D58
14377	#828246
14378	#666629
14379	#6A6A37
14380	#A0A19B
14381	#B5CDB6
14382	#96D796
14383	#67D765
14384	#50F45E
14385	#33B4CC
14386	#280CB4
14387	#2100A5
14388	#0D75B8
14389	#00AC32
14390	#007600
14391	#004800
14392	#002000
14393	#000400
14394	#000092
14395	#0000C6
14396	#0000B1
14397	#A7A7CE
14398	#FFFFFF
14399	#FFFFFF
14400	#FFFFFF
14401	#FFFFFF
14402	#FFFFFF
14403	#FFFFFF
14404	#E9E9E9
14405	#151515
14406	#000000
14407	#000000
14408	#000000
14409	#000000
14410	#000000
14411	#000000
14412	#000000
14413	#060606
14414	#1F1F1F
14415	#494949
14416	#626262
14417	#8A8A8A
14418	#A8A8A8
14419	#A2A2A2
14420	#989898
14421	#9F9F9F
14422	#787878
14423	#626262
14424	#5A5A5A
14425	#555555
14426	#626262
14427	#6F6F6F
14428	#727272
14429	#7C7C7C
14430	#858585
14431	#717171
14432	#575757
14433	#5B5B5B
14434	#636363
14435	#555555
14436	#5B5B5B
14437	#606060
14438	#6F6F6F
14439	#757575
14440	#676767
14441	#8E8E8E
14442	#A9A9A9
14443	#B6B6B6
14444	#BBBBBB
14445	#C8C8C8
14446	#CFCFCF
14447	#CFCFCF
14448	#D0D0D0
14449	#D2D2D2
14450	#D3D3D3
14451	#D3D3D3
14452	#D3D3D3
14453	#D1D1D1
14454	#CBCBCB
14455	#CACACA
14456	#CACACA
14457	#C3C3C3
14458	#C1C1C1
14459	#C3C3C3
14460	#C4C4C4
14461	#C1C1C1
14462	#BEBEBE
14463	#B8B8B8
14464	#B5B5B5
14465	#B1B1B1
14466	#AEAEAE
14467	#A8A8A8
14468	#A9A9A9
14469	#A5A5A5
14470	#999999
14471	#8E8E8E
14472	#818181
14473	#6E6E6E
14474	#6A6A6A
14475	#7F7F7F
14476	#848484
14477	#8B8B8B
14478	#8F8F8F
14479	#7F7F7F
14480	#646464
14481	#646464
14482	#A4A4A4
14483	#B5B5B5
14484	#838383
14485	#5E5E5E
14486	#434343
14487	#1B1B1B
14488	#050505
14489	#000000
14490	#000000
14491	#000000
14492	#000000
14493	#000000
14494	#000000
14495	#000000
14496	#000000
14497	#000000
14498	#363636
14499	#FFFFFF
14500	#FFFFFF
14501	#FFFFFF
14502	#FFFFFF
14503	#5E5E5E
14504	#000000
14505	#000000
14506	#000000
14507	#000000
14508	#000000
14509	#000000
14510	#000000
14511	#020202
14512	#131313
14513	#3A3A3A
14514	#5B5B5B
14515	#787878
14516	#A1A1A1
14517	#A9A9A9
14518	#969696
14519	#A1A1A1
14520	#8A8A8A
14521	#656565
14522	#5E5E5E
14523	#555555
14524	#5C5C5C
14525	#6C6C6C
14526	#717171
14527	#777777
14528	#858585
14529	#7C7C7C
14530	#5E5E5E
14531	#565656
14532	#646464
14533	#585858
14534	#585858
14535	#5E5E5E
14536	#676767
14537	#7A7A7A
14538	#656565
14539	#7F7F7F
14540	#A1A1A1
14541	#B3B3B3
14542	#B9B9B9
14543	#C3C3C3
14544	#CECECE
14545	#CFCFCF
14546	#D0D0D0
14547	#D2D2D2
14548	#D3D3D3
14549	#D3D3D3
14550	#D3D3D3
14551	#D2D2D2
14552	#CDCDCD
14553	#CACACA
14554	#CACACA
14555	#C6C6C6
14556	#C1C1C1
14557	#C2C2C2
14558	#C3C3C3
14559	#C2C2C2
14560	#BFBFBF
14561	#B9B9B9
14562	#B6B6B6
14563	#B2B2B2
14564	#B0B0B0
14565	#AAAAAA
14566	#A8A8A8
14567	#A8A8A8
14568	#9E9E9E
14569	#929292
14570	#868686
14571	#777777
14572	#666666
14573	#787878
14574	#838385
14575	#87877C
14576	#8F8F59
14577	#88884C
14578	#6E6E31
14579	#5C5B28
14580	#8C8D87
14581	#B8D1B8
14582	#9BDC9B
14583	#66D563
14584	#50F35E
14585	#32CECE
14586	#2812B6
14587	#1E00A7
14588	#0B73BA
14589	#00AC32
14590	#007600
14591	#004800
14592	#002000
14593	#000400
14594	#000091
14595	#0000C5
14596	#0000B4
14597	#A9A9D0
14598	#FFFFFF
14599	#FFFFFF
14600	#FFFFFF
14601	#FFFFFF
14602	#FFFFFF
14603	#FFFFFF
14604	#E9E9E9
14605	#131313
14606	#000000
14607	#000000
14608	#000000
14609	#000000
14610	#000000
14611	#000000
14612	#000000
14613	#050505
14614	#1C1C1C
14615	#454545
14616	#616161
14617	#8A8A8A
14618	#ABABAB
14619	#A3A3A3
14620	#919191
14621	#7F7F7F
14622	#6F6F6F
14623	#676767
14624	#696969
14625	#7C7C7C
14626	#7B7B7B
14627	#737373
14628	#787878
14629	#7A7A7A
14630	#636363
14631	#4F4F4F
14632	#585858
14633	#555555
14634	#565656
14635	#595959
14636	#565656
14637	#5B5B5B
14638	#666666
14639	#737373
14640	#717171
14641	#909090
14642	#A8A8A8
14643	#B4B4B4
14644	#B9B9B9
14645	#C5C5C5
14646	#CCCCCC
14647	#CBCBCB
14648	#CDCDCD
14649	#CDCDCD
14650	#D0D0D0
14651	#CFCFCF
14652	#D0D0D0
14653	#D1D1D1
14654	#CCCCCC
14655	#CBCBCB
14656	#CACACA
14657	#C5C5C5
14658	#C2C2C2
14659	#C2C2C2
14660	#C3C3C3
14661	#C3C3C3
14662	#C4C4C4
14663	#BFBFBF
14664	#BDBDBD
14665	#B9B9B9
14666	#B1B1B1
14667	#A9A9A9
14668	#A2A2A2
14669	#9E9E9E
14670	#969696
14671	#8D8D8D
14672	#7D7D7D
14673	#5F5F5F
14674	#535353
14675	#737373
14676	#878787
14677	#868686
14678	#848484
14679	#777777
14680	#787878
14681	#666666
14682	#969696
14683	#B7B7B7
14684	#878787
14685	#606060
14686	#464646
14687	#1B1B1B
14688	#050505
14689	#000000
14690	#000000
14691	#000000
14692	#000000
14693	#000000
14694	#000000
14695	#000000
14696	#000000
14697	#000000
14698	#333333
14699	#FFFFFF
14700	#FFFFFF
14701	#FFFFFF
14702	#FFFFFF
14703	#5C5C5C
14704	#000000
14705	#000000
14706	#000000
14707	#000000
14708	#000000
14709	#000000
14710	#000000
14711	#010101
14712	#111111
14713	#363636
14714	#585858
14715	#777777
14716	#A3A3A3
14717	#ACACAC
14718	#949494
14719	#888888
14720	#737373
14721	#6A6A6A
14722	#666666
14723	#757575
14724	#7E7E7E
14725	#747474
14726	#767676
14727	#7B7B7B
14728	#6E6E6E
14729	#525252
14730	#535353
14731	#585858
14732	#545454
14733	#5A5A5A
14734	#555555
14735	#5B5B5B
14736	#5E5E5E
14737	#747474
14738	#6D6D6D
14739	#848484
14740	#A0A0A0
14741	#B1B1B1
14742	#B7B7B7
14743	#C0C0C0
14744	#CBCBCB
14745	#CCCCCC
14746	#CCCCCC
14747	#CDCDCD
14748	#CFCFCF
14749	#CFCFCF
14750	#D0D0D0
14751	#D1D1D1
14752	#CECECE
14753	#CACACA
14754	#CBCBCB
14755	#C7C7C7
14756	#C2C2C2
14757	#C2C2C2
14758	#C3C3C3
14759	#C3C3C3
14760	#C4C4C4
14761	#C1C1C1
14762	#BDBDBD
14763	#BBBBBB
14764	#B4B4B4
14765	#ADADAD
14766	#A4A4A4
14767	#9F9F9F
14768	#9A9A9A
14769	#919191
14770	#838383
14771	#6C6C6C
14772	#505050
14773	#666666
14774	#838384
14775	#87877C
14776	#86864F
14777	#7A7A3E
14778	#78783B
14779	#6D6C3A
14780	#7A7B75
14781	#B6D0B7
14782	#9EE09E
14783	#68D866
14784	#52F560
14785	#34D0CF
14786	#2812B5
14787	#1F00A7
14788	#0C74B9
14789	#00AC32
14790	#007500
14791	#004800
14792	#002000
14793	#000400
14794	#000091
14795	#0000C5
14796	#0000B2
14797	#A8A8CF
14798	#FFFFFF
14799	#FFFFFF
14800	#FFFFFF
14801	#FFFFFF
14802	#FFFFFF
14803	#FFFFFF
14804	#E9E9E9
14805	#121212
14806	#000000
14807	#000000
14808	#000000
14809	#000000
14810	#000000
14811	#000000
14812	#000000
14813	#030303
14814	#191919
14815	#434343
14816	#5F5F5F
14817	#878787
14818	#AFAFAF
14819	#A9A9A9
14820	#848484
14821	#535353
14822	#636363
14823	#737373
14824	#838383
14825	#818181
14826	#838383
14827	#868686
14828	#7B7B7B
14829	#5A5A5A
14830	#484848
14831	#535353
14832	#555555
14833	#4F4F4F
14834	#5A5A5A
14835	#505050
14836	#535353
14837	#6B6B6B
14838	#818181
14839	#939393
14840	#909090
14841	#9B9B9B
14842	#A8A8A8
14843	#B3B3B3
14844	#B6B6B6
14845	#C2C2C2
14846	#CCCCCC
14847	#C9C9C9
14848	#C8C8C8
14849	#CBCBCB
14850	#CCCCCC
14851	#CFCFCF
14852	#D1D1D1
14853	#D4D4D4
14854	#D0D0D0
14855	#CECECE
14856	#CDCDCD
14857	#C7C7C7
14858	#C4C4C4
14859	#C5C5C5
14860	#C4C4C4
14861	#C5C5C5
14862	#C3C3C3
14863	#BFBFBF
14864	#BDBDBD
14865	#BBBBBB
14866	#B5B5B5
14867	#B3B3B3
14868	#ACACAC
14869	#A3A3A3
14870	#9A9A9A
14871	#939393
14872	#898989
14873	#717171
14874	#565656
14875	#595959
14876	#6A6A6A
14877	#757575
14878	#6E6E6E
14879	#757575
14880	#7D7D7D
14881	#767676
14882	#969696
14883	#B6B6B6
14884	#919191
14885	#626262
14886	#474747
14887	#1B1B1B
14888	#050505
14889	#000000
14890	#000000
14891	#000000
14892	#000000
14893	#000000
14894	#000000
14895	#000000
14896	#000000
14897	#000000
14898	#323232
14899	#FFFFFF
14900	#FFFFFF
14901	#FFFFFF
14902	#FFFFFF
14903	#5B5B5B
14904	#000000
14905	#000000
14906	#000000
14907	#000000
14908	#000000
14909	#000000
14910	#000000
14911	#000000
14912	#0E0E0E
14913	#323232
14914	#575757
14915	#747474
14916	#A6A6A6
14917	#B0B0B0
14918	#959595
14919	#606060
14920	#595959
14921	#6E6E6E
14922	#7E7E7E
14923	#838383
14924	#808080
14925	#868686
14926	#808080
14927	#696969
14928	#494949
14929	#4F4F4F
14930	#575757
14931	#505050
14932	#555555
14933	#575757
14934	#4D4D4D
14935	#636363
14936	#787878
14937	#8F8F8F
14938	#919191
14939	#959595
14940	#A4A4A4
14941	#AFAFAF
14942	#B6B6B6
14943	#BCBCBC
14944	#CBCBCB
14945	#CACACA
14946	#C7C7C7
14947	#CACACA
14948	#CBCBCB
14949	#CECECE
14950	#D0D0D0
14951	#D3D3D3
14952	#D1D1D1
14953	#CFCFCF
14954	#CDCDCD
14955	#C9C9C9
14956	#C5C5C5
14957	#C5C5C5
14958	#C4C4C4
14959	#C5C5C5
14960	#C4C4C4
14961	#C1C1C1
14962	#BDBDBD
14963	#BCBCBC
14964	#B7B7B7
14965	#B3B3B3
14966	#AFAFAF
14967	#A7A7A7
14968	#9D9D9D
14969	#959595
14970	#8D8D8D
14971	#7E7E7E
14972	#5C5C5C
14973	#565656
14974	#636364
14975	#747469
14976	#70703A
14977	#717135
14978	#7C7C3F
14979	#797845
14980	#82837D
14981	#B2CBB3
14982	#A6E7A6
14983	#6EE06C
14984	#53FD58
14985	#36ABCA
14986	#2A0AB4
14987	#2200A4
14988	#0E77B7
14989	#00AD2F
14990	#007700
14991	#004900
14992	#002000
14993	#000400
14994	#000091
14995	#0000C5
14996	#0000B1
14997	#A7A7CE
14998	#FFFFFF
14999	#FFFFFF
15000	#FFFFFF
15001	#FFFFFF
15002	#FFFFFF
15003	#FFFFFF
15004	#E9E9E9
15005	#121212
15006	#000000
15007	#000000
15008	#000000
15009	#000000
15010	#000000
15011	#000000
15012	#000000
15013	#020202
15014	#151515
15015	#404040
15016	#5E5E5E
15017	#848484
15018	#B1B1B1
15019	#AEAEAE
15020	#6E6E6E
15021	#4A4A4A
15022	#565656
15023	#7F7F7F
15024	#878787
15025	#828282
15026	#888888
15027	#7D7D7D
15028	#636363
15029	#565656
15030	#585858
15031	#4C4C4C
15032	#4A4A4A
15033	#4F4F4F
15034	#656565
15035	#6A6A6A
15036	#888888
15037	#A3A3A3
15038	#A8A8A8
15039	#A8A8A8
15040	#A8A8A8
15041	#AAAAAA
15042	#B0B0B0
15043	#B7B7B7
15044	#B8B8B8
15045	#C1C1C1
15046	#CECECE
15047	#CDCDCD
15048	#CBCBCB
15049	#CFCFCF
15050	#D0D0D0
15051	#D3D3D3
15052	#D5D5D5
15053	#D6D6D6
15054	#D1D1D1
15055	#CFCFCF
15056	#CCCCCC
15057	#C0C0C0
15058	#BDBDBD
15059	#BABABA
15060	#BABABA
15061	#B9B9B9
15062	#BBBBBB
15063	#BCBCBC
15064	#BCBCBC
15065	#BDBDBD
15066	#BBBBBB
15067	#BDBDBD
15068	#BFBFBF
15069	#BEBEBE
15070	#BBBBBB
15071	#B2B2B2
15072	#ABABAB
15073	#9B9B9B
15074	#878787
15075	#7E7E7E
15076	#646464
15077	#4E4E4E
15078	#5A5A5A
15079	#767676
15080	#7B7B7B
15081	#7F7F7F
15082	#9F9F9F
15083	#B3B3B3
15084	#999999
15085	#666666
15086	#474747
15087	#1C1C1C
15088	#060606
15089	#000000
15090	#000000
15091	#000000
15092	#000000
15093	#000000
15094	#000000
15095	#000000
15096	#000000
15097	#000000
15098	#323232
15099	#FFFFFF
15100	#FFFFFF
15101	#FFFFFF
15102	#FFFFFF
15103	#5B5B5B
15104	#000000
15105	#000000
15106	#000000
15107	#000000
15108	#000000
15109	#000000
15110	#000000
15111	#000000
15112	#0B0B0B
15113	#2E2E2E
15114	#565656
15115	#707070
15116	#A7A7A7
15117	#B5B5B5
15118	#8A8A8A
15119	#505050
15120	#4C4C4C
15121	#717171
15122	#888888
15123	#838383
15124	#868686
15125	#848484
15126	#6C6C6C
15127	#585858
15128	#585858
15129	#515151
15130	#494949
15131	#4C4C4C
15132	#5C5C5C
15133	#686868
15134	#797979
15135	#9C9C9C
15136	#A7A7A7
15137	#A8A8A8
15138	#A8A8A8
15139	#A9A9A9
15140	#AEAEAE
15141	#B5B5B5
15142	#B8B8B8
15143	#BCBCBC
15144	#CBCBCB
15145	#CFCFCF
15146	#CBCBCB
15147	#CECECE
15148	#CFCFCF
15149	#D2D2D2
15150	#D5D5D5
15151	#D7D7D7
15152	#D3D3D3
15153	#D0D0D0
15154	#CECECE
15155	#C5C5C5
15156	#BDBDBD
15157	#BBBBBB
15158	#BABABA
15159	#B9B9B9
15160	#BABABA
15161	#BCBCBC
15162	#BBBBBB
15163	#BDBDBD
15164	#BCBCBC
15165	#BCBCBC
15166	#BFBFBF
15167	#BEBEBE
15168	#BDBDBD
15169	#B6B6B6
15170	#ADADAD
15171	#A4A4A4
15172	#8B8B8B
15173	#838383
15174	#6E6E6F
15175	#545449
15176	#51511B
15177	#6E6E32
15178	#7B7B3E
15179	#7B7B48
15180	#92938D
15181	#AFC8B0
15182	#A9EBA9
15183	#75EA75
15184	#53E54E
15185	#3A75C3
15186	#2F05B0
15187	#27009E
15188	#1243B5
15189	#00AD49
15190	#007C00
15191	#004A00
15192	#002000
15193	#000400
15194	#000091
15195	#0000C5
15196	#0000B1
15197	#A7A7CE
15198	#FFFFFF
15199	#FFFFFF
15200	#FFFFFF
15201	#FFFFFF
15202	#FFFFFF
15203	#FFFFFF
15204	#E9E9E9
15205	#121212
15206	#000000
15207	#000000
15208	#000000
15209	#000000
15210	#000000
15211	#000000
15212	#000000
15213	#010101
15214	#131313
15215	#3B3B3B
15216	#5C5C5C
15217	#7F7F7F
15218	#B1B1B1
15219	#AEAEAE
15220	#636363
15221	#565656
15222	#6A6A6A
15223	#707070
15224	#828282
15225	#8D8D8D
15226	#7F7F7F
15227	#666666
15228	#585858
15229	#5A5A5A
15230	#666666
15231	#656565
15232	#6F6F6F
15233	#858585
15234	#9B9B9B
15235	#A7A7A7
15236	#AEAEAE
15237	#AEAEAE
15238	#B1B1B1
15239	#B2B2B2
15240	#B4B4B4
15241	#B3B3B3
15242	#B9B9B9
15243	#BEBEBE
15244	#BFBFBF
15245	#C3C3C3
15246	#D0D0D0
15247	#D2D2D2
15248	#CFCFCF
15249	#D0D0D0
15250	#D1D1D1
15251	#D5D5D5
15252	#D6D6D6
15253	#D7D7D7
15254	#D3D3D3
15255	#CECECE
15256	#C6C6C6
15257	#B8B8B8
15258	#B7B7B7
15259	#B6B6B6
15260	#B6B6B6
15261	#B3B3B3
15262	#B3B3B3
15263	#B5B5B5
15264	#B9B9B9
15265	#C1C1C1
15266	#C5C5C5
15267	#C6C6C6
15268	#C6C6C6
15269	#C4C4C4
15270	#C3C3C3
15271	#C0C0C0
15272	#BABABA
15273	#AAAAAA
15274	#9D9D9D
15275	#979797
15276	#858585
15277	#6E6E6E
15278	#545454
15279	#5E5E5E
15280	#777777
15281	#898989
15282	#A3A3A3
15283	#AFAFAF
15284	#9D9D9D
15285	#6A6A6A
15286	#464646
15287	#1C1C1C
15288	#060606
15289	#000000
15290	#000000
15291	#000000
15292	#000000
15293	#000000
15294	#000000
15295	#000000
15296	#000000
15297	#000000
15298	#323232
15299	#FFFFFF
15300	#FFFFFF
15301	#FFFFFF
15302	#FFFFFF
15303	#5B5B5B
15304	#000000
15305	#000000
15306	#000000
15307	#000000
15308	#000000
15309	#000000
15310	#000000
15311	#000000
15312	#0A0A0A
15313	#2A2A2A
15314	#535353
15315	#6D6D6D
15316	#A5A5A5
15317	#B6B6B6
15318	#808080
15319	#505050
15320	#666666
15321	#6D6D6D
15322	#7B7B7B
15323	#8B8B8B
15324	#888888
15325	#6E6E6E
15326	#5B5B5B
15327	#585858
15328	#626262
15329	#666666
15330	#6A6A6A
15331	#7B7B7B
15332	#949494
15333	#A3A3A3
15334	#ACACAC
15335	#AEAEAE
15336	#AFAFAF
15337	#B1B1B1
15338	#B3B3B3
15339	#B3B3B3
15340	#B6B6B6
15341	#BDBDBD
15342	#BFBFBF
15343	#C1C1C1
15344	#CCCCCC
15345	#D2D2D2
15346	#D0D0D0
15347	#D0D0D0
15348	#D0D0D0
15349	#D4D4D4
15350	#D6D6D6
15351	#D7D7D7
15352	#D5D5D5
15353	#D0D0D0
15354	#CACACA
15355	#BDBDBD
15356	#B6B6B6
15357	#B7B7B7
15358	#B6B6B6
15359	#B5B5B5
15360	#B2B2B2
15361	#B4B4B4
15362	#B7B7B7
15363	#BEBEBE
15364	#C5C5C5
15365	#C6C6C6
15366	#C6C6C6
15367	#C5C5C5
15368	#C3C3C3
15369	#C2C2C2
15370	#BDBDBD
15371	#B1B1B1
15372	#A0A0A0
15373	#9A9A9A
15374	#8D8D8E
15375	#77776D
15376	#5D5D26
15377	#545418
15378	#717134
15379	#807F4C
15380	#9B9C96
15381	#ADCBAE
15382	#A7CEA7
15383	#7DB87D
15384	#53534B
15385	#4021BA
15386	#370CA8
15387	#2F0096
15388	#1922B1
15389	#02AA7F
15390	#008100
15391	#004E00
15392	#002200
15393	#000400
15394	#000091
15395	#0000C5
15396	#0000B0
15397	#A7A7CD
15398	#FFFFFF
15399	#FFFFFF
15400	#FFFFFF
15401	#FFFFFF
15402	#FFFFFF
15403	#FFFFFF
15404	#E9E9E9
15405	#131313
15406	#000000
15407	#000000
15408	#000000
15409	#000000
15410	#000000
15411	#000000
15412	#000000
15413	#010101
15414	#101010
15415	#373737
15416	#5A5A5A
15417	#7F7F7F
15418	#B2B2B2
15419	#A9A9A9
15420	#767676
15421	#6D6D6D
15422	#6F6F6F
15423	#717171
15424	#7A7A7A
15425	#6F6F6F
15426	#656565
15427	#595959
15428	#656565
15429	#787878
15430	#898989
15431	#969696
15432	#A6A6A6
15433	#ADADAD
15434	#AEAEAE
15435	#B3B3B3
15436	#B5B5B5
15437	#B5B5B5
15438	#B3B3B3
15439	#AEAEAE
15440	#B1B1B1
15441	#B0B0B0
15442	#B5B5B5
15443	#BCBCBC
15444	#BFBFBF
15445	#C7C7C7
15446	#D2D2D2
15447	#D2D2D2
15448	#D2D2D2
15449	#D1D1D1
15450	#D2D2D2
15451	#D5D5D5
15452	#D6D6D6
15453	#D9D9D9
15454	#D6D6D6
15455	#CDCDCD
15456	#C4C4C4
15457	#B8B8B8
15458	#B7B7B7
15459	#B6B6B6
15460	#B5B5B5
15461	#B6B6B6
15462	#B9B9B9
15463	#BDBDBD
15464	#BBBBBB
15465	#BEBEBE
15466	#C2C2C2
15467	#C6C6C6
15468	#C8C8C8
15469	#C8C8C8
15470	#C6C6C6
15471	#C5C5C5
15472	#C0C0C0
15473	#B5B5B5
15474	#AEAEAE
15475	#9C9C9C
15476	#939393
15477	#8B8B8B
15478	#828282
15479	#565656
15480	#5E5E5E
15481	#929292
15482	#A3A3A3
15483	#AEAEAE
15484	#9F9F9F
15485	#6E6E6E
15486	#464646
15487	#1D1D1D
15488	#060606
15489	#000000
15490	#000000
15491	#000000
15492	#000000
15493	#000000
15494	#000000
15495	#000000
15496	#000000
15497	#000000
15498	#333333
15499	#FFFFFF
15500	#FFFFFF
15501	#FFFFFF
15502	#FFFFFF
15503	#5C5C5C
15504	#000000
15505	#000000
15506	#000000
15507	#000000
15508	#000000
15509	#000000
15510	#000000
15511	#000000
15512	#080808
15513	#262626
15514	#505050
15515	#6C6C6C
15516	#A5A5A5
15517	#B3B3B3
15518	#888888
15519	#6B6B6B
15520	#707070
15521	#6F6F6F
15522	#787878
15523	#757575
15524	#696969
15525	#5D5D5D
15526	#5D5D5D
15527	#717171
15528	#848484
15529	#919191
15530	#A1A1A1
15531	#ABABAB
15532	#ADADAD
15533	#B1B1B1
15534	#B5B5B5
15535	#B6B6B6
15536	#B4B4B4
15537	#AFAFAF
15538	#AFAFAF
15539	#B1B1B1
15540	#B1B1B1
15541	#BABABA
15542	#BFBFBF
15543	#C3C3C3
15544	#CFCFCF
15545	#D3D3D3
15546	#D2D2D2
15547	#D1D1D1
15548	#D1D1D1
15549	#D4D4D4
15550	#D6D6D6
15551	#D8D8D8
15552	#D8D8D8
15553	#D1D1D1
15554	#C8C8C8
15555	#BDBDBD
15556	#B6B6B6
15557	#B6B6B6
15558	#B5B5B5
15559	#B6B6B6
15560	#B8B8B8
15561	#BCBCBC
15562	#BCBCBC
15563	#BCBCBC
15564	#C1C1C1
15565	#C4C4C4
15566	#C7C7C7
15567	#C9C9C9
15568	#C7C7C7
15569	#C5C5C5
15570	#C3C3C3
15571	#B9B9B9
15572	#B2B2B2
15573	#A3A3A3
15574	#959596
15575	#8E8E83
15576	#888851
15577	#666628
15578	#515112
15579	#81814E
15580	#9EA099
15581	#ADCDAD
15582	#A7CDA7
15583	#837082
15584	#56463C
15585	#4A1FB4
15586	#410C9E
15587	#39008C
15588	#2302A7
15589	#05897B
15590	#008B00
15591	#005200
15592	#002400
15593	#000500
15594	#000091
15595	#0000C2
15596	#0000AF
15597	#A8A8CE
15598	#FFFFFF
15599	#FFFFFF
15600	#FFFFFF
15601	#FFFFFF
15602	#FFFFFF
15603	#FFFFFF
15604	#E9E9E9
15605	#151515
15606	#000000
15607	#000000
15608	#000000
15609	#000000
15610	#000000
15611	#000000
15612	#000000
15613	#000000
15614	#0E0E0E
15615	#343434
15616	#585858
15617	#828282
15618	#B1B1B1
15619	#A4A4A4
15620	#929292
15621	#787878
15622	#6D6D6D
15623	#777777
15624	#656565
15625	#3F3F3F
15626	#454545
15627	#666666
15628	#898989
15629	#979797
15630	#A3A3A3
15631	#ACACAC
15632	#B3B3B3
15633	#B2B2B2
15634	#B6B6B6
15635	#BABABA
15636	#B1B1B1
15637	#ADADAD
15638	#ACACAC
15639	#ABABAB
15640	#ACACAC
15641	#AFAFAF
15642	#B6B6B6
15643	#BDBDBD
15644	#C2C2C2
15645	#CDCDCD
15646	#D2D2D2
15647	#D2D2D2
15648	#D3D3D3
15649	#D3D3D3
15650	#D2D2D2
15651	#D4D4D4
15652	#D6D6D6
15653	#D6D6D6
15654	#D6D6D6
15655	#CDCDCD
15656	#C1C1C1
15657	#B7B7B7
15658	#B4B4B4
15659	#B8B8B8
15660	#B9B9B9
15661	#BCBCBC
15662	#BFBFBF
15663	#C2C2C2
15664	#C2C2C2
15665	#C2C2C2
15666	#C4C4C4
15667	#C4C4C4
15668	#C6C6C6
15669	#C8C8C8
15670	#C8C8C8
15671	#C7C7C7
15672	#C0C0C0
15673	#B8B8B8
15674	#B6B6B6
15675	#AFAFAF
15676	#A6A6A6
15677	#9A9A9A
15678	#919191
15679	#7C7C7C
15680	#5B5B5B
15681	#878787
15682	#A3A3A3
15683	#AFAFAF
15684	#A2A2A2
15685	#6F6F6F
15686	#464646
15687	#1E1E1E
15688	#060606
15689	#000000
15690	#000000
15691	#000000
15692	#000000
15693	#000000
15694	#000000
15695	#000000
15696	#000000
15697	#000000
15698	#353535
15699	#FFFFFF
15700	#FFFFFF
15701	#FFFFFF
15702	#FFFFFF
15703	#5E5E5E
15704	#000000
15705	#000000
15706	#000000
15707	#000000
15708	#000000
15709	#000000
15710	#000000
15711	#000000
15712	#070707
15713	#242424
15714	#4E4E4E
15715	#6D6D6D
15716	#A6A6A6
15717	#AEAEAE
15718	#979797
15719	#848484
15720	#6C6C6C
15721	#737373
15722	#727272
15723	#494949
15724	#3F3F3F
15725	#575757
15726	#7F7F7F
15727	#929292
15728	#9F9F9F
15729	#A8A8A8
15730	#B2B2B2
15731	#B3B3B3
15732	#B4B4B4
15733	#BABABA
15734	#B5B5B5
15735	#AEAEAE
15736	#ACACAC
15737	#ACACAC
15738	#ABABAB
15739	#AEAEAE
15740	#B3B3B3
15741	#BBBBBB
15742	#BFBFBF
15743	#C8C8C8
15744	#D2D2D2
15745	#D2D2D2
15746	#D3D3D3
15747	#D4D4D4
15748	#D2D2D2
15749	#D2D2D2
15750	#D6D6D6
15751	#D6D6D6
15752	#D6D6D6
15753	#D1D1D1
15754	#C5C5C5
15755	#BBBBBB
15756	#B4B4B4
15757	#B6B6B6
15758	#B9B9B9
15759	#BABABA
15760	#BEBEBE
15761	#C1C1C1
15762	#C2C2C2
15763	#C1C1C1
15764	#C3C3C3
15765	#C4C4C4
15766	#C5C5C5
15767	#C8C8C8
15768	#C8C8C8
15769	#C7C7C7
15770	#C4C4C4
15771	#B9B9B9
15772	#B7B7B7
15773	#B3B3B3
15774	#A9A9AB
15775	#9F9F83
15776	#949458
15777	#878749
15778	#626223
15779	#70703C
15780	#9EA098
15781	#ACCFAC
15782	#AACCAA
15783	#85337F
15784	#593B70
15785	#552BCA
15786	#4B0C90
15787	#440081
15788	#2D0099
15789	#0A81A7
15790	#009316
15791	#005600
15792	#002600
15793	#000600
15794	#000090
15795	#0000C1
15796	#0000B0
15797	#AAAACF
15798	#FFFFFF
15799	#FFFFFF
15800	#FFFFFF
15801	#FFFFFF
15802	#FFFFFF
15803	#FFFFFF
15804	#E9E9E9
15805	#121212
15806	#000000
15807	#000000
15808	#000000
15809	#000000
15810	#000000
15811	#000000
15812	#000000
15813	#000000
15814	#0C0C0C
15815	#2F2F2F
15816	#565656
15817	#848484
15818	#ACACAC
15819	#A8A8A8
15820	#9C9C9C
15821	#868686
15822	#717171
15823	#6C6C6C
15824	#424242
15825	#404040
15826	#5D5D5D
15827	#7E7E7E
15828	#969696
15829	#A8A8A8
15830	#AEAEAE
15831	#B3B3B3
15832	#B8B8B8
15833	#B9B9B9
15834	#BBBBBB
15835	#B2B2B2
15836	#AEAEAE
15837	#B0B0B0
15838	#B4B4B4
15839	#B1B1B1
15840	#B1B1B1
15841	#B3B3B3
15842	#BABABA
15843	#C1C1C1
15844	#C4C4C4
15845	#CCCCCC
15846	#D1D1D1
15847	#D2D2D2
15848	#D4D4D4
15849	#D5D5D5
15850	#D3D3D3
15851	#D4D4D4
15852	#D5D5D5
15853	#D6D6D6
15854	#D6D6D6
15855	#CCCCCC
15856	#C3C3C3
15857	#C0C0C0
15858	#BDBDBD
15859	#BFBFBF
15860	#BFBFBF
15861	#C0C0C0
15862	#C2C2C2
15863	#C3C3C3
15864	#C6C6C6
15865	#C5C5C5
15866	#C6C6C6
15867	#C5C5C5
15868	#C5C5C5
15869	#C5C5C5
15870	#C8C8C8
15871	#C7C7C7
15872	#BFBFBF
15873	#BBBBBB
15874	#BABABA
15875	#BABABA
15876	#B6B6B6
15877	#ACACAC
15878	#999999
15879	#8A8A8A
15880	#848484
15881	#777777
15882	#9A9A9A
15883	#AFAFAF
15884	#A7A7A7
15885	#737373
15886	#474747
15887	#1E1E1E
15888	#060606
15889	#000000
15890	#000000
15891	#000000
15892	#000000
15893	#000000
15894	#000000
15895	#000000
15896	#000000
15897	#000000
15898	#323232
15899	#FFFFFF
15900	#FFFFFF
15901	#FFFFFF
15902	#FFFFFF
15903	#5B5B5B
15904	#000000
15905	#000000
15906	#000000
15907	#000000
15908	#000000
15909	#000000
15910	#000000
15911	#000000
15912	#050505
15913	#1F1F1F
15914	#4A4A4A
15915	#6F6F6F
15916	#A2A2A2
15917	#ADADAD
15918	#9F9F9F
15919	#929292
15920	#747474
15921	#737373
15922	#505050
15923	#3C3C3C
15924	#4F4F4F
15925	#747474
15926	#8E8E8E
15927	#A3A3A3
15928	#ADADAD
15929	#B0B0B0
15930	#B6B6B6
15931	#B9B9B9
15932	#BBBBBB
15933	#B7B7B7
15934	#ADADAD
15935	#B0B0B0
15936	#B3B3B3
15937	#B2B2B2
15938	#B1B1B1
15939	#B2B2B2
15940	#B7B7B7
15941	#BEBEBE
15942	#C3C3C3
15943	#C8C8C8
15944	#D0D0D0
15945	#D1D1D1
15946	#D3D3D3
15947	#D5D5D5
15948	#D4D4D4
15949	#D3D3D3
15950	#D5D5D5
15951	#D5D5D5
15952	#D7D7D7
15953	#D1D1D1
15954	#C5C5C5
15955	#C2C2C2
15956	#BDBDBD
15957	#BEBEBE
15958	#BFBFBF
15959	#BFBFBF
15960	#C2C2C2
15961	#C3C3C3
15962	#C6C6C6
15963	#C5C5C5
15964	#C6C6C6
15965	#C5C5C5
15966	#C5C5C5
15967	#C5C5C5
15968	#C7C7C7
15969	#C8C8C8
15970	#C2C2C2
15971	#BCBCBC
15972	#BABABA
15973	#BABABA
15974	#B9B9BB
15975	#B1B191
15976	#A0A062
15977	#8E8E4E
15978	#868645
15979	#797842
15980	#8B8F86
15981	#AACCAB
15982	#AE66AF
15983	#890C7D
15984	#602677
15985	#6031C9
15986	#570C85
15987	#4F0176
15988	#37008E
15989	#1045AB
15990	#009A1B
15991	#005B00
15992	#002800
15993	#000600
15994	#00008E
15995	#0000C1
15996	#0000AB
15997	#A7A7CC
15998	#FFFFFF
15999	#FFFFFF
16000	#FFFFFF
16001	#FFFFFF
16002	#FFFFFF
16003	#FFFFFF
16004	#E9E9E9
16005	#121212
16006	#000000
16007	#000000
16008	#000000
16009	#000000
16010	#000000
16011	#000000
16012	#000000
16013	#000000
16014	#0A0A0A
16015	#2C2C2C
16016	#545454
16017	#838383
16018	#A7A7A7
16019	#A8A8A8
16020	#9C9C9C
16021	#979797
16022	#787878
16023	#474747
16024	#3D3D3D
16025	#5E5E5E
16026	#7F7F7F
16027	#909090
16028	#A1A1A1
16029	#AFAFAF
16030	#B3B3B3
16031	#B9B9B9
16032	#BDBDBD
16033	#B7B7B7
16034	#B5B5B5
16035	#B5B5B5
16036	#B4B4B4
16037	#B6B6B6
16038	#B8B8B8
16039	#B5B5B5
16040	#B6B6B6
16041	#B8B8B8
16042	#BABABA
16043	#BEBEBE
16044	#C4C4C4
16045	#CDCDCD
16046	#D1D1D1
16047	#D2D2D2
16048	#D5D5D5
16049	#D5D5D5
16050	#D3D3D3
16051	#D4D4D4
16052	#D7D7D7
16053	#D7D7D7
16054	#D4D4D4
16055	#CECECE
16056	#C8C8C8
16057	#C7C7C7
16058	#C6C6C6
16059	#C7C7C7
16060	#C8C8C8
16061	#C8C8C8
16062	#C6C6C6
16063	#C7C7C7
16064	#CACACA
16065	#C9C9C9
16066	#C9C9C9
16067	#C8C8C8
16068	#C6C6C6
16069	#C6C6C6
16070	#C7C7C7
16071	#C4C4C4
16072	#BDBDBD
16073	#BFBFBF
16074	#BFBFBF
16075	#BDBDBD
16076	#BABABA
16077	#B7B7B7
16078	#ABABAB
16079	#9A9A9A
16080	#9F9F9F
16081	#878787
16082	#838383
16083	#ABABAB
16084	#ACACAC
16085	#767676
16086	#484848
16087	#1E1E1E
16088	#060606
16089	#000000
16090	#000000
16091	#000000
16092	#000000
16093	#000000
16094	#000000
16095	#000000
16096	#000000
16097	#000000
16098	#323232
16099	#FFFFFF
16100	#FFFFFF
16101	#FFFFFF
16102	#FFFFFF
16103	#5B5B5B
16104	#000000
16105	#000000
16106	#000000
16107	#000000
16108	#000000
16109	#000000
16110	#000000
16111	#000000
16112	#040404
16113	#1D1D1D
16114	#484848
16115	#6F6F6F
16116	#9F9F9F
16117	#ACACAC
16118	#9E9E9E
16119	#9A9A9A
16120	#878787
16121	#575757
16122	#3B3B3B
16123	#4F4F4F
16124	#757575
16125	#8A8A8A
16126	#9B9B9B
16127	#ABABAB
16128	#B1B1B1
16129	#B6B6B6
16130	#BCBCBC
16131	#BABABA
16132	#B4B4B4
16133	#B6B6B6
16134	#B4B4B4
16135	#B5B5B5
16136	#B7B7B7
16137	#B6B6B6
16138	#B5B5B5
16139	#B7B7B7
16140	#B9B9B9
16141	#BCBCBC
16142	#C1C1C1
16143	#C9C9C9
16144	#D0D0D0
16145	#D2D2D2
16146	#D4D4D4
16147	#D5D5D5
16148	#D4D4D4
16149	#D4D4D4
16150	#D6D6D6
16151	#D7D7D7
16152	#D6D6D6
16153	#D0D0D0
16154	#CACACA
16155	#C7C7C7
16156	#C6C6C6
16157	#C7C7C7
16158	#C8C8C8
16159	#C8C8C8
16160	#C7C7C7
16161	#C6C6C6
16162	#C9C9C9
16163	#C9C9C9
16164	#C9C9C9
16165	#C8C8C8
16166	#C7C7C7
16167	#C6C6C6
16168	#C6C6C6
16169	#C7C7C7
16170	#BFBFBF
16171	#BEBEBE
16172	#BFBFBF
16173	#BEBEBE
16174	#BBBBBD
16175	#B8B899
16176	#B2B274
16177	#9F9F5D
16178	#9D9D5A
16179	#95945E
16180	#7C8177
16181	#9DBA9E
16182	#B23FB4
16183	#8D1C78
16184	#683A69
16185	#6A31C0
16186	#620C7B
16187	#5A016C
16188	#410085
16189	#1745A2
16190	#00A317
16191	#005F00
16192	#002B00
16193	#000800
16194	#00008E
16195	#0000BE
16196	#0000A8
16197	#A7A7CC
16198	#FFFFFF
16199	#FFFFFF
16200	#FFFFFF
16201	#FFFFFF
16202	#FFFFFF
16203	#FFFFFF
16204	#E9E9E9
16205	#121212
16206	#000000
16207	#000000
16208	#000000
16209	#000000
16210	#000000
16211	#000000
16212	#000000
16213	#000000
16214	#080808
16215	#292929
16216	#535353
16217	#838383
16218	#A6A6A6
16219	#A6A6A6
16220	#9B9B9B
16221	#999999
16222	#707070
16223	#383838
16224	#565656
16225	#7E7E7E
16226	#929292
16227	#A5A5A5
16228	#AFAFAF
16229	#B3B3B3
16230	#B7B7B7
16231	#BCBCBC
16232	#B9B9B9
16233	#B1B1B1
16234	#B6B6B6
16235	#B6B6B6
16236	#B7B7B7
16237	#B9B9B9
16238	#BCBCBC
16239	#BBBBBB
16240	#B9B9B9
16241	#BDBDBD
16242	#C1C1C1
16243	#C3C3C3
16244	#C5C5C5
16245	#CCCCCC
16246	#D3D3D3
16247	#D4D4D4
16248	#D5D5D5
16249	#D6D6D6
16250	#D4D4D4
16251	#D5D5D5
16252	#D7D7D7
16253	#D7D7D7
16254	#D2D2D2
16255	#CFCFCF
16256	#CECECE
16257	#CBCBCB
16258	#CACACA
16259	#C9C9C9
16260	#CCCCCC
16261	#CFCFCF
16262	#D0D0D0
16263	#CFCFCF
16264	#CCCCCC
16265	#CBCBCB
16266	#CBCBCB
16267	#C9C9C9
16268	#C8C8C8
16269	#C8C8C8
16270	#C8C8C8
16271	#C0C0C0
16272	#B9B9B9
16273	#BDBDBD
16274	#C0C0C0
16275	#C0C0C0
16276	#BDBDBD
16277	#B9B9B9
16278	#B3B3B3
16279	#B2B2B2
16280	#A9A9A9
16281	#9B9B9B
16282	#767676
16283	#9D9D9D
16284	#B1B1B1
16285	#7A7A7A
16286	#494949
16287	#202020
16288	#060606
16289	#000000
16290	#000000
16291	#000000
16292	#000000
16293	#000000
16294	#000000
16295	#000000
16296	#000000
16297	#000000
16298	#323232
16299	#FFFFFF
16300	#FFFFFF
16301	#FFFFFF
16302	#FFFFFF
16303	#5B5B5B
16304	#000000
16305	#000000
16306	#000000
16307	#000000
16308	#000000
16309	#000000
16310	#000000
16311	#000000
16312	#030303
16313	#191919
16314	#454545
16315	#6E6E6E
16316	#9E9E9E
16317	#AAAAAA
16318	#9D9D9D
16319	#9B9B9B
16320	#878787
16321	#454545
16322	#444444
16323	#737373
16324	#8B8B8B
16325	#9F9F9F
16326	#ACACAC
16327	#B2B2B2
16328	#B5B5B5
16329	#BBBBBB
16330	#BCBCBC
16331	#B3B3B3
16332	#B4B4B4
16333	#B7B7B7
16334	#B7B7B7
16335	#B8B8B8
16336	#BBBBBB
16337	#BCBCBC
16338	#B9B9B9
16339	#BCBCBC
16340	#C0C0C0
16341	#C3C3C3
16342	#C4C4C4
16343	#C9C9C9
16344	#D1D1D1
16345	#D4D4D4
16346	#D5D5D5
16347	#D6D6D6
16348	#D4D4D4
16349	#D5D5D5
16350	#D6D6D6
16351	#D7D7D7
16352	#D4D4D4
16353	#D0D0D0
16354	#CECECE
16355	#CDCDCD
16356	#CACACA
16357	#C9C9C9
16358	#CBCBCB
16359	#CECECE
16360	#D0D0D0
16361	#CFCFCF
16362	#CDCDCD
16363	#CBCBCB
16364	#CBCBCB
16365	#CACACA
16366	#C8C8C8
16367	#C8C8C8
16368	#C8C8C8
16369	#C4C4C4
16370	#BABABA
16371	#BCBCBC
16372	#BFBFBF
16373	#C1C1C1
16374	#BFBFC1
16375	#BABA9B
16376	#B5B577
16377	#B3B371
16378	#AEAE6B
16379	#A1A06A
16380	#83887E
16381	#849F85
16382	#B536B7
16383	#932A7D
16384	#6F4863
16385	#7531B8
16386	#6C0C71
16387	#640162
16388	#4A007A
16389	#1E36A1
16390	#009F2D
16391	#006400
16392	#002D00
16393	#000700
16394	#00008E
16395	#0000BE
16396	#0000A7
16397	#A7A7CC
16398	#FFFFFF
16399	#FFFFFF
16400	#FFFFFF
16401	#FFFFFF
16402	#FFFFFF
16403	#FFFFFF
16404	#E9E9E9
16405	#121212
16406	#000000
16407	#000000
16408	#000000
16409	#000000
16410	#000000
16411	#000000
16412	#000000
16413	#000000
16414	#070707
16415	#242424
16416	#505050
16417	#818181
16418	#AAAAAA
16419	#9D9D9D
16420	#9B9B9B
16421	#888888
16422	#676767
16423	#616161
16424	#767676
16425	#919191
16426	#A5A5A5
16427	#AEAEAE
16428	#B2B2B2
16429	#B9B9B9
16430	#B8B8B8
16431	#B3B3B3
16432	#B3B3B3
16433	#B6B6B6
16434	#B9B9B9
16435	#B9B9B9
16436	#BABABA
16437	#BBBBBB
16438	#BCBCBC
16439	#BEBEBE
16440	#C1C1C1
16441	#C4C4C4
16442	#C8C8C8
16443	#C9C9C9
16444	#C7C7C7
16445	#CDCDCD
16446	#D4D4D4
16447	#D4D4D4
16448	#D3D3D3
16449	#D4D4D4
16450	#D3D3D3
16451	#D2D2D2
16452	#D5D5D5
16453	#D6D6D6
16454	#D4D4D4
16455	#D2D2D2
16456	#D2D2D2
16457	#D0D0D0
16458	#CDCDCD
16459	#CDCDCD
16460	#CECECE
16461	#D2D2D2
16462	#D3D3D3
16463	#D3D3D3
16464	#D3D3D3
16465	#CFCFCF
16466	#CDCDCD
16467	#CBCBCB
16468	#C9C9C9
16469	#C9C9C9
16470	#C7C7C7
16471	#BFBFBF
16472	#BBBBBB
16473	#BCBCBC
16474	#BDBDBD
16475	#BFBFBF
16476	#BEBEBE
16477	#BBBBBB
16478	#BABABA
16479	#BBBBBB
16480	#B4B4B4
16481	#A5A5A5
16482	#7F7F7F
16483	#909090
16484	#B4B4B4
16485	#7E7E7E
16486	#4A4A4A
16487	#202020
16488	#070707
16489	#000000
16490	#000000
16491	#000000
16492	#000000
16493	#000000
16494	#000000
16495	#000000
16496	#000000
16497	#000000
16498	#323232
16499	#FFFFFF
16500	#FFFFFF
16501	#FFFFFF
16502	#FFFFFF
16503	#5B5B5B
16504	#000000
16505	#000000
16506	#000000
16507	#000000
16508	#000000
16509	#000000
16510	#000000
16511	#000000
16512	#020202
16513	#161616
16514	#414141
16515	#6C6C6C
16516	#A1A1A1
16517	#A6A6A6
16518	#999999
16519	#959595
16520	#717171
16521	#606060
16522	#6B6B6B
16523	#888888
16524	#9F9F9F
16525	#ACACAC
16526	#B1B1B1
16527	#B7B7B7
16528	#B9B9B9
16529	#B5B5B5
16530	#B3B3B3
16531	#B4B4B4
16532	#B8B8B8
16533	#B9B9B9
16534	#B9B9B9
16535	#BBBBBB
16536	#BCBCBC
16537	#BDBDBD
16538	#C0C0C0
16539	#C3C3C3
16540	#C7C7C7
16541	#C9C9C9
16542	#C7C7C7
16543	#C9C9C9
16544	#D2D2D2
16545	#D4D4D4
16546	#D4D4D4
16547	#D4D4D4
16548	#D4D4D4
16549	#D2D2D2
16550	#D4D4D4
16551	#D6D6D6
16552	#D6D6D6
16553	#D2D2D2
16554	#D2D2D2
16555	#D1D1D1
16556	#CDCDCD
16557	#CDCDCD
16558	#CDCDCD
16559	#D0D0D0
16560	#D4D4D4
16561	#D3D3D3
16562	#D3D3D3
16563	#D1D1D1
16564	#CECECE
16565	#CBCBCB
16566	#C9C9C9
16567	#C9C9C9
16568	#C8C8C8
16569	#C2C2C2
16570	#BBBBBB
16571	#BBBBBB
16572	#BCBCBC
16573	#BFBFBF
16574	#BFBFC1
16575	#BCBC9D
16576	#B9B97B
16577	#BBBB7A
16578	#B7B775
16579	#ABAB75
16580	#90958B
16581	#7C967D
16582	#B134B3
16583	#993381
16584	#774B60
16585	#7B32B2
16586	#730D6B
16587	#6B015B
16588	#500073
16589	#230AA9
16590	#018B62
16591	#006900
16592	#002E00
16593	#000700
16594	#00008E
16595	#0000BE
16596	#0000A6
16597	#A7A7CC
16598	#FFFFFF
16599	#FFFFFF
16600	#FFFFFF
16601	#FFFFFF
16602	#FFFFFF
16603	#FFFFFF
16604	#E9E9E9
16605	#151515
16606	#000000
16607	#000000
16608	#000000
16609	#000000
16610	#000000
16611	#000000
16612	#000000
16613	#000000
16614	#050505
16615	#202020
16616	#4D4D4D
16617	#7F7F7F
16618	#AFAFAF
16619	#9D9D9D
16620	#8E8E8E
16621	#737373
16622	#636363
16623	#888888
16624	#999999
16625	#A3A3A3
16626	#ADADAD
16627	#B3B3B3
16628	#B6B6B6
16629	#B7B7B7
16630	#B4B4B4
16631	#B2B2B2
16632	#B5B5B5
16633	#B8B8B8
16634	#BBBBBB
16635	#BBBBBB
16636	#BBBBBB
16637	#BDBDBD
16638	#BFBFBF
16639	#C6C6C6
16640	#C9C9C9
16641	#CACACA
16642	#CCCCCC
16643	#CDCDCD
16644	#CBCBCB
16645	#CCCCCC
16646	#D5D5D5
16647	#D5D5D5
16648	#D2D2D2
16649	#D1D1D1
16650	#D1D1D1
16651	#D1D1D1
16652	#D5D5D5
16653	#D8D8D8
16654	#D8D8D8
16655	#D6D6D6
16656	#D5D5D5
16657	#D2D2D2
16658	#CCCCCC
16659	#CACACA
16660	#CDCDCD
16661	#D1D1D1
16662	#D4D4D4
16663	#D5D5D5
16664	#D4D4D4
16665	#D3D3D3
16666	#D2D2D2
16667	#D1D1D1
16668	#CCCCCC
16669	#CACACA
16670	#C7C7C7
16671	#C1C1C1
16672	#BEBEBE
16673	#BDBDBD
16674	#BDBDBD
16675	#BBBBBB
16676	#BBBBBB
16677	#BFBFBF
16678	#C1C1C1
16679	#BDBDBD
16680	#BABABA
16681	#ACACAC
16682	#8D8D8D
16683	#939393
16684	#B3B3B3
16685	#868686
16686	#4B4B4B
16687	#202020
16688	#060606
16689	#000000
16690	#000000
16691	#000000
16692	#000000
16693	#000000
16694	#000000
16695	#000000
16696	#000000
16697	#000000
16698	#353535
16699	#FFFFFF
16700	#FFFFFF
16701	#FFFFFF
16702	#FFFFFF
16703	#5E5E5E
16704	#000000
16705	#000000
16706	#000000
16707	#000000
16708	#000000
16709	#000000
16710	#000000
16711	#000000
16712	#010101
16713	#131313
16714	#3E3E3E
16715	#686868
16716	#A4A4A4
16717	#A9A9A9
16718	#909090
16719	#818181
16720	#626262
16721	#797979
16722	#969696
16723	#9E9E9E
16724	#AAAAAA
16725	#B1B1B1
16726	#B5B5B5
16727	#B6B6B6
16728	#B5B5B5
16729	#B2B2B2
16730	#B4B4B4
16731	#B7B7B7
16732	#BABABA
16733	#BCBCBC
16734	#BBBBBB
16735	#BCBCBC
16736	#BEBEBE
16737	#C4C4C4
16738	#C8C8C8
16739	#C9C9C9
16740	#CBCBCB
16741	#CDCDCD
16742	#CCCCCC
16743	#CBCBCB
16744	#D2D2D2
16745	#D5D5D5
16746	#D2D2D2
16747	#D1D1D1
16748	#D1D1D1
16749	#D1D1D1
16750	#D3D3D3
16751	#D7D7D7
16752	#D9D9D9
16753	#D7D7D7
16754	#D6D6D6
16755	#D4D4D4
16756	#CECECE
16757	#CACACA
16758	#CBCBCB
16759	#CFCFCF
16760	#D3D3D3
16761	#D5D5D5
16762	#D5D5D5
16763	#D3D3D3
16764	#D2D2D2
16765	#D2D2D2
16766	#CECECE
16767	#CBCBCB
16768	#C9C9C9
16769	#C2C2C2
16770	#BFBFBF
16771	#BDBDBD
16772	#BDBDBD
16773	#BBBBBB
16774	#BBBBBD
16775	#BDBD9E
16776	#C1C183
16777	#BFBF7D
16778	#BBBB77
16779	#B4B47D
16780	#989D93
16781	#89AA8A
16782	#AD4EAF
16783	#A13B87
16784	#7D5061
16785	#7F32AF
16786	#770D67
16787	#6E0157
16788	#54006F
16789	#270BA5
16790	#018E5F
16791	#006B00
16792	#003000
16793	#000800
16794	#00008E
16795	#0000BD
16796	#0000A8
16797	#A9A9CD
16798	#FFFFFF
16799	#FFFFFF
16800	#FFFFFF
16801	#FFFFFF
16802	#FFFFFF
16803	#FFFFFF
16804	#EAEAEA
16805	#161616
16806	#000000
16807	#000000
16808	#000000
16809	#000000
16810	#000000
16811	#000000
16812	#000000
16813	#000000
16814	#040404
16815	#1E1E1E
16816	#4B4B4B
16817	#7B7B7B
16818	#AFAFAF
16819	#A1A1A1
16820	#696969
16821	#5F5F5F
16822	#777777
16823	#9F9F9F
16824	#AFAFAF
16825	#AFAFAF
16826	#AFAFAF
16827	#B6B6B6
16828	#B8B8B8
16829	#B3B3B3
16830	#B1B1B1
16831	#B6B6B6
16832	#B9B9B9
16833	#BABABA
16834	#BEBEBE
16835	#BEBEBE
16836	#BEBEBE
16837	#C4C4C4
16838	#CACACA
16839	#CCCCCC
16840	#CACACA
16841	#CCCCCC
16842	#CFCFCF
16843	#D1D1D1
16844	#CECECE
16845	#CFCFCF
16846	#D6D6D6
16847	#D8D8D8
16848	#D4D4D4
16849	#D6D6D6
16850	#D6D6D6
16851	#D6D6D6
16852	#D8D8D8
16853	#DBDBDB
16854	#DADADA
16855	#D6D6D6
16856	#D3D3D3
16857	#CCCCCC
16858	#C4C4C4
16859	#C8C8C8
16860	#CDCDCD
16861	#CFCFCF
16862	#D0D0D0
16863	#D2D2D2
16864	#D4D4D4
16865	#D4D4D4
16866	#D3D3D3
16867	#D2D2D2
16868	#D1D1D1
16869	#CECECE
16870	#C5C5C5
16871	#C1C1C1
16872	#BEBEBE
16873	#BDBDBD
16874	#BDBDBD
16875	#BABABA
16876	#BBBBBB
16877	#BEBEBE
16878	#C1C1C1
16879	#BFBFBF
16880	#BABABA
16881	#B0B0B0
16882	#9C9C9C
16883	#9C9C9C
16884	#B2B2B2
16885	#929292
16886	#4D4D4D
16887	#212121
16888	#070707
16889	#000000
16890	#000000
16891	#000000
16892	#000000
16893	#000000
16894	#000000
16895	#000000
16896	#000000
16897	#000000
16898	#363636
16899	#FFFFFF
16900	#FFFFFF
16901	#FFFFFF
16902	#FFFFFF
16903	#5F5F5F
16904	#000000
16905	#000000
16906	#000000
16907	#000000
16908	#000000
16909	#000000
16910	#000000
16911	#000000
16912	#010101
16913	#111111
16914	#3B3B3B
16915	#656565
16916	#A2A2A2
16917	#AEAEAE
16918	#7C7C7C
16919	#5E5E5E
16920	#6A6A6A
16921	#929292
16922	#ABABAB
16923	#B0B0B0
16924	#AEAEAE
16925	#B3B3B3
16926	#B8B8B8
16927	#B5B5B5
16928	#B1B1B1
16929	#B4B4B4
16930	#B8B8B8
16931	#B9B9B9
16932	#BCBCBC
16933	#BFBFBF
16934	#BDBDBD
16935	#C1C1C1
16936	#C9C9C9
16937	#CCCCCC
16938	#CACACA
16939	#CBCBCB
16940	#CECECE
16941	#D1D1D1
16942	#D0D0D0
16943	#CECECE
16944	#D3D3D3
16945	#D8D8D8
16946	#D5D5D5
16947	#D5D5D5
16948	#D6D6D6
16949	#D6D6D6
16950	#D8D8D8
16951	#DADADA
16952	#DBDBDB
16953	#D8D8D8
16954	#D4D4D4
16955	#D0D0D0
16956	#C5C5C5
16957	#C6C6C6
16958	#CBCBCB
16959	#CECECE
16960	#D0D0D0
16961	#D1D1D1
16962	#D3D3D3
16963	#D4D4D4
16964	#D3D3D3
16965	#D2D2D2
16966	#D1D1D1
16967	#D0D0D0
16968	#C9C9C9
16969	#C2C2C2
16970	#BFBFBF
16971	#BDBDBD
16972	#BDBDBD
16973	#BBBBBB
16974	#BABABC
16975	#BDBD9E
16976	#C0C083
16977	#C0C07C
16978	#BCBC75
16979	#B4B47C
16980	#A5A89F
16981	#97C798
16982	#AC96AE
16983	#A9428F
16984	#875764
16985	#8332AB
16986	#7C0D64
16987	#730153
16988	#58006B
16989	#290BA2
16990	#02905E
16991	#006E00
16992	#003000
16993	#000800
16994	#00008D
16995	#0000BB
16996	#0000A9
16997	#AAAACE
16998	#FFFFFF
16999	#FFFFFF
17000	#FFFFFF
17001	#FFFFFF
17002	#FFFFFF
17003	#FFFFFF
17004	#E9E9E9
17005	#121212
17006	#000000
17007	#000000
17008	#000000
17009	#000000
17010	#000000
17011	#000000
17012	#000000
17013	#000000
17014	#030303
17015	#1B1B1B
17016	#474747
17017	#797979
17018	#B1B1B1
17019	#9A9A9A
17020	#4F4F4F
17021	#525252
17022	#939393
17023	#AFAFAF
17024	#B4B4B4
17025	#B8B8B8
17026	#B9B9B9
17027	#B7B7B7
17028	#B4B4B4
17029	#B2B2B2
17030	#B5B5B5
17031	#BABABA
17032	#BCBCBC
17033	#BDBDBD
17034	#BFBFBF
17035	#C1C1C1
17036	#C7C7C7
17037	#CBCBCB
17038	#CCCCCC
17039	#CDCDCD
17040	#CECECE
17041	#D0D0D0
17042	#D3D3D3
17043	#D6D6D6
17044	#D3D3D3
17045	#D3D3D3
17046	#D8D8D8
17047	#DBDBDB
17048	#D9D9D9
17049	#D7D7D7
17050	#D8D8D8
17051	#D8D8D8
17052	#DADADA
17053	#DCDCDC
17054	#DBDBDB
17055	#D7D7D7
17056	#D2D2D2
17057	#CACACA
17058	#C6C6C6
17059	#CDCDCD
17060	#D1D1D1
17061	#D1D1D1
17062	#CFCFCF
17063	#CFCFCF
17064	#D0D0D0
17065	#D2D2D2
17066	#D3D3D3
17067	#D2D2D2
17068	#D1D1D1
17069	#CFCFCF
17070	#C9C9C9
17071	#C2C2C2
17072	#BDBDBD
17073	#BCBCBC
17074	#BDBDBD
17075	#BDBDBD
17076	#BFBFBF
17077	#BEBEBE
17078	#BDBDBD
17079	#BFBFBF
17080	#BBBBBB
17081	#B3B3B3
17082	#ABABAB
17083	#A5A5A5
17084	#ADADAD
17085	#999999
17086	#515151
17087	#232323
17088	#080808
17089	#000000
17090	#000000
17091	#000000
17092	#000000
17093	#000000
17094	#000000
17095	#000000
17096	#000000
17097	#000000
17098	#323232
17099	#FFFFFF
17100	#FFFFFF
17101	#FFFFFF
17102	#FFFFFF
17103	#5B5B5B
17104	#000000
17105	#000000
17106	#000000
17107	#000000
17108	#000000
17109	#000000
17110	#000000
17111	#000000
17112	#000000
17113	#0F0F0F
17114	#373737
17115	#626262
17116	#A3A3A3
17117	#AEAEAE
17118	#666666
17119	#464646
17120	#7B7B7B
17121	#A9A9A9
17122	#B2B2B2
17123	#B6B6B6
17124	#B9B9B9
17125	#B9B9B9
17126	#B6B6B6
17127	#B2B2B2
17128	#B3B3B3
17129	#B8B8B8
17130	#BCBCBC
17131	#BCBCBC
17132	#BFBFBF
17133	#C0C0C0
17134	#C5C5C5
17135	#CACACA
17136	#CCCCCC
17137	#CCCCCC
17138	#CDCDCD
17139	#CFCFCF
17140	#D1D1D1
17141	#D5D5D5
17142	#D4D4D4
17143	#D2D2D2
17144	#D6D6D6
17145	#DADADA
17146	#DADADA
17147	#D8D8D8
17148	#D7D7D7
17149	#D8D8D8
17150	#DADADA
17151	#DBDBDB
17152	#DCDCDC
17153	#D9D9D9
17154	#D3D3D3
17155	#CDCDCD
17156	#C6C6C6
17157	#CACACA
17158	#D1D1D1
17159	#D1D1D1
17160	#D0D0D0
17161	#CFCFCF
17162	#CFCFCF
17163	#D1D1D1
17164	#D3D3D3
17165	#D2D2D2
17166	#D1D1D1
17167	#D0D0D0
17168	#CCCCCC
17169	#C4C4C4
17170	#BFBFBF
17171	#BCBCBC
17172	#BDBDBD
17173	#BDBDBD
17174	#BFBFC1
17175	#BFBF9F
17176	#BDBD7F
17177	#BEBE79
17178	#BEBE76
17179	#B6B57D
17180	#AEB2A9
17181	#A7D9A8
17182	#A897AB
17183	#AD518A
17184	#946866
17185	#8931A5
17186	#840F5E
17187	#7A014D
17188	#5E0065
17189	#2E0B9D
17190	#04965C
17191	#007100
17192	#003100
17193	#000800
17194	#00008D
17195	#0000BB
17196	#0000A3
17197	#A7A7CB
17198	#FFFFFF
17199	#FFFFFF
17200	#FFFFFF
17201	#FFFFFF
17202	#FFFFFF
17203	#FFFFFF
17204	#E9E9E9
17205	#121212
17206	#000000
17207	#000000
17208	#000000
17209	#000000
17210	#000000
17211	#000000
17212	#000000
17213	#000000
17214	#020202
17215	#171717
17216	#434343
17217	#7B7B7B
17218	#B1B1B1
17219	#969696
17220	#4C4C4C
17221	#666666
17222	#A1A1A1
17223	#B4B4B4
17224	#B7B7B7
17225	#BBBBBB
17226	#BDBDBD
17227	#B9B9B9
17228	#B4B4B4
17229	#B5B5B5
17230	#B9B9B9
17231	#BCBCBC
17232	#BEBEBE
17233	#BFBFBF
17234	#C5C5C5
17235	#C9C9C9
17236	#CBCBCB
17237	#CDCDCD
17238	#CCCCCC
17239	#CBCBCB
17240	#CBCBCB
17241	#CBCBCB
17242	#CCCCCC
17243	#D3D3D3
17244	#D2D2D2
17245	#D3D3D3
17246	#D9D9D9
17247	#DBDBDB
17248	#DADADA
17249	#D9D9D9
17250	#D9D9D9
17251	#DADADA
17252	#DBDBDB
17253	#DCDCDC
17254	#DDDDDD
17255	#D9D9D9
17256	#D3D3D3
17257	#CACACA
17258	#CBCBCB
17259	#D2D2D2
17260	#D2D2D2
17261	#D0D0D0
17262	#CFCFCF
17263	#CFCFCF
17264	#CFCFCF
17265	#D0D0D0
17266	#D1D1D1
17267	#D3D3D3
17268	#D2D2D2
17269	#CFCFCF
17270	#CCCCCC
17271	#C8C8C8
17272	#C3C3C3
17273	#BEBEBE
17274	#BEBEBE
17275	#C0C0C0
17276	#C1C1C1
17277	#C0C0C0
17278	#BEBEBE
17279	#BABABA
17280	#BBBBBB
17281	#B7B7B7
17282	#B1B1B1
17283	#ACACAC
17284	#A8A8A8
17285	#9C9C9C
17286	#575757
17287	#242424
17288	#080808
17289	#000000
17290	#000000
17291	#000000
17292	#000000
17293	#000000
17294	#000000
17295	#000000
17296	#000000
17297	#000000
17298	#323232
17299	#FFFFFF
17300	#FFFFFF
17301	#FFFFFF
17302	#FFFFFF
17303	#5B5B5B
17304	#000000
17305	#000000
17306	#000000
17307	#000000
17308	#000000
17309	#000000
17310	#000000
17311	#000000
17312	#000000
17313	#0D0D0D
17314	#323232
17315	#626262
17316	#A5A5A5
17317	#AAAAAA
17318	#626262
17319	#505050
17320	#909090
17321	#B0B0B0
17322	#B6B6B6
17323	#BABABA
17324	#BDBDBD
17325	#BCBCBC
17326	#B6B6B6
17327	#B4B4B4
17328	#B7B7B7
17329	#BBBBBB
17330	#BEBEBE
17331	#BFBFBF
17332	#C2C2C2
17333	#C8C8C8
17334	#CBCBCB
17335	#CCCCCC
17336	#CDCDCD
17337	#CBCBCB
17338	#CBCBCB
17339	#CBCBCB
17340	#CBCBCB
17341	#D1D1D1
17342	#D3D3D3
17343	#D1D1D1
17344	#D7D7D7
17345	#DBDBDB
17346	#DADADA
17347	#DADADA
17348	#D9D9D9
17349	#D9D9D9
17350	#DBDBDB
17351	#DBDBDB
17352	#DDDDDD
17353	#DBDBDB
17354	#D6D6D6
17355	#CDCDCD
17356	#C9C9C9
17357	#D0D0D0
17358	#D3D3D3
17359	#D0D0D0
17360	#CFCFCF
17361	#CFCFCF
17362	#CFCFCF
17363	#D0D0D0
17364	#D1D1D1
17365	#D2D2D2
17366	#D2D2D2
17367	#D1D1D1
17368	#CDCDCD
17369	#C9C9C9
17370	#C6C6C6
17371	#C0C0C0
17372	#BEBEBE
17373	#BFBFBF
17374	#C1C1C3
17375	#C0C0A0
17376	#C0C07F
17377	#BBBB76
17378	#BABA73
17379	#B9B97F
17380	#B2B6AC
17381	#B0DBB1
17382	#A66AA9
17383	#AB5A74
17384	#A57666
17385	#94329D
17386	#911054
17387	#850141
17388	#68005B
17389	#370A94
17390	#089356
17391	#007600
17392	#003400
17393	#000800
17394	#00008C
17395	#0000BA
17396	#0000A1
17397	#A7A7CA
17398	#FFFFFF
17399	#FFFFFF
17400	#FFFFFF
17401	#FFFFFF
17402	#FFFFFF
17403	#FFFFFF
17404	#E9E9E9
17405	#121212
17406	#000000
17407	#000000
17408	#000000
17409	#000000
17410	#000000
17411	#000000
17412	#000000
17413	#000000
17414	#010101
17415	#151515
17416	#3F3F3F
17417	#7E7E7E
17418	#AFAFAF
17419	#929292
17420	#5D5D5D
17421	#888888
17422	#A8A8A8
17423	#B1B1B1
17424	#BABABA
17425	#BCBCBC
17426	#BBBBBB
17427	#BABABA
17428	#BBBBBB
17429	#BCBCBC
17430	#BDBDBD
17431	#BEBEBE
17432	#C1C1C1
17433	#C7C7C7
17434	#CACACA
17435	#CBCBCB
17436	#CDCDCD
17437	#CCCCCC
17438	#C8C8C8
17439	#C8C8C8
17440	#C7C7C7
17441	#C8C8C8
17442	#CCCCCC
17443	#CFCFCF
17444	#D1D1D1
17445	#D5D5D5
17446	#DBDBDB
17447	#DCDCDC
17448	#DBDBDB
17449	#DBDBDB
17450	#DADADA
17451	#D9D9D9
17452	#DADADA
17453	#DBDBDB
17454	#DDDDDD
17455	#DADADA
17456	#D1D1D1
17457	#CBCBCB
17458	#D0D0D0
17459	#D3D3D3
17460	#D1D1D1
17461	#CFCFCF
17462	#D0D0D0
17463	#D1D1D1
17464	#D0D0D0
17465	#D1D1D1
17466	#D1D1D1
17467	#D0D0D0
17468	#D1D1D1
17469	#D1D1D1
17470	#CECECE
17471	#CBCBCB
17472	#C9C9C9
17473	#C5C5C5
17474	#C2C2C2
17475	#C1C1C1
17476	#C4C4C4
17477	#C2C2C2
17478	#BFBFBF
17479	#B7B7B7
17480	#B4B4B4
17481	#B6B6B6
17482	#B3B3B3
17483	#B3B3B3
17484	#A8A8A8
17485	#9E9E9E
17486	#5C5C5C
17487	#252525
17488	#090909
17489	#000000
17490	#000000
17491	#000000
17492	#000000
17493	#000000
17494	#000000
17495	#000000
17496	#000000
17497	#000000
17498	#323232
17499	#FFFFFF
17500	#FFFFFF
17501	#FFFFFF
17502	#FFFFFF
17503	#5B5B5B
17504	#000000
17505	#000000
17506	#000000
17507	#000000
17508	#000000
17509	#000000
17510	#000000
17511	#000000
17512	#000000
17513	#0A0A0A
17514	#2E2E2E
17515	#646464
17516	#A5A5A5
17517	#A4A4A4
17518	#6B6B6B
17519	#6F6F6F
17520	#A3A3A3
17521	#ADADAD
17522	#B7B7B7
17523	#BCBCBC
17524	#BBBBBB
17525	#BABABA
17526	#BABABA
17527	#BBBBBB
17528	#BDBDBD
17529	#BEBEBE
17530	#C0C0C0
17531	#C5C5C5
17532	#CACACA
17533	#CBCBCB
17534	#CDCDCD
17535	#CDCDCD
17536	#CACACA
17537	#C7C7C7
17538	#C8C8C8
17539	#C7C7C7
17540	#CACACA
17541	#CDCDCD
17542	#D0D0D0
17543	#D3D3D3
17544	#D9D9D9
17545	#DCDCDC
17546	#DBDBDB
17547	#DBDBDB
17548	#DBDBDB
17549	#DADADA
17550	#DADADA
17551	#DBDBDB
17552	#DDDDDD
17553	#DCDCDC
17554	#D4D4D4
17555	#CCCCCC
17556	#CDCDCD
17557	#D3D3D3
17558	#D2D2D2
17559	#CFCFCF
17560	#CFCFCF
17561	#D1D1D1
17562	#D1D1D1
17563	#D0D0D0
17564	#D1D1D1
17565	#D0D0D0
17566	#D1D1D1
17567	#D1D1D1
17568	#D0D0D0
17569	#CCCCCC
17570	#CBCBCB
17571	#C6C6C6
17572	#C3C3C3
17573	#C0C0C0
17574	#C3C3C5
17575	#C3C3A3
17576	#C1C17F
17577	#BABA72
17578	#B4B46A
17579	#B6B57A
17580	#B3B9AE
17581	#B5DAB6
17582	#AA3FAE
17583	#AE636E
17584	#B97C5D
17585	#A6348F
17586	#A60D43
17587	#98002F
17588	#78004B
17589	#450084
17590	#0D5F81
17591	#008205
17592	#003800
17593	#000900
17594	#00008A
17595	#0000B7
17596	#00009E
17597	#A7A7C9
17598	#FFFFFF
17599	#FFFFFF
17600	#FFFFFF
17601	#FFFFFF
17602	#FFFFFF
17603	#FFFFFF
17604	#E9E9E9
17605	#121212
17606	#000000
17607	#000000
17608	#000000
17609	#000000
17610	#000000
17611	#000000
17612	#000000
17613	#000000
17614	#010101
17615	#121212
17616	#3B3B3B
17617	#818181
17618	#AAAAAA
17619	#8B8B8B
17620	#838383
17621	#A0A0A0
17622	#ABABAB
17623	#B0B0B0
17624	#B6B6B6
17625	#BABABA
17626	#BABABA
17627	#BCBCBC
17628	#BEBEBE
17629	#C1C1C1
17630	#C3C3C3
17631	#C4C4C4
17632	#C7C7C7
17633	#CBCBCB
17634	#CCCCCC
17635	#CDCDCD
17636	#CBCBCB
17637	#C8C8C8
17638	#C9C9C9
17639	#C9C9C9
17640	#CACACA
17641	#CACACA
17642	#CCCCCC
17643	#CECECE
17644	#D1D1D1
17645	#D6D6D6
17646	#DADADA
17647	#DBDBDB
17648	#DBDBDB
17649	#DBDBDB
17650	#DADADA
17651	#DADADA
17652	#DADADA
17653	#DBDBDB
17654	#DCDCDC
17655	#DADADA
17656	#D0D0D0
17657	#CDCDCD
17658	#D3D3D3
17659	#D3D3D3
17660	#D1D1D1
17661	#D1D1D1
17662	#D1D1D1
17663	#D1D1D1
17664	#D2D2D2
17665	#D2D2D2
17666	#D2D2D2
17667	#D1D1D1
17668	#D0D0D0
17669	#D1D1D1
17670	#CFCFCF
17671	#CCCCCC
17672	#CBCBCB
17673	#CACACA
17674	#C8C8C8
17675	#C4C4C4
17676	#C5C5C5
17677	#C2C2C2
17678	#BEBEBE
17679	#B8B8B8
17680	#B1B1B1
17681	#AEAEAE
17682	#B6B6B6
17683	#B5B5B5
17684	#A8A8A8
17685	#9C9C9C
17686	#666666
17687	#272727
17688	#0A0A0A
17689	#000000
17690	#000000
17691	#000000
17692	#000000
17693	#000000
17694	#000000
17695	#000000
17696	#000000
17697	#000000
17698	#323232
17699	#FFFFFF
17700	#FFFFFF
17701	#FFFFFF
17702	#FFFFFF
17703	#5B5B5B
17704	#000000
17705	#000000
17706	#000000
17707	#000000
17708	#000000
17709	#000000
17710	#000000
17711	#000000
17712	#000000
17713	#090909
17714	#292929
17715	#666666
17716	#A3A3A3
17717	#9A9A9A
17718	#7E7E7E
17719	#969696
17720	#A9A9A9
17721	#AEAEAE
17722	#B4B4B4
17723	#B9B9B9
17724	#BABABA
17725	#BBBBBB
17726	#BDBDBD
17727	#C0C0C0
17728	#C3C3C3
17729	#C3C3C3
17730	#C6C6C6
17731	#CACACA
17732	#CCCCCC
17733	#CDCDCD
17734	#CDCDCD
17735	#C9C9C9
17736	#C8C8C8
17737	#C9C9C9
17738	#CACACA
17739	#CACACA
17740	#CBCBCB
17741	#CECECE
17742	#D0D0D0
17743	#D4D4D4
17744	#D9D9D9
17745	#DBDBDB
17746	#DBDBDB
17747	#DBDBDB
17748	#DADADA
17749	#DADADA
17750	#DADADA
17751	#DBDBDB
17752	#DBDBDB
17753	#DCDCDC
17754	#D4D4D4
17755	#CCCCCC
17756	#D1D1D1
17757	#D4D4D4
17758	#D2D2D2
17759	#D1D1D1
17760	#D1D1D1
17761	#D1D1D1
17762	#D2D2D2
17763	#D2D2D2
17764	#D2D2D2
17765	#D1D1D1
17766	#D0D0D0
17767	#D0D0D0
17768	#D1D1D1
17769	#CDCDCD
17770	#CCCCCC
17771	#CACACA
17772	#C9C9C9
17773	#C5C5C5
17774	#C4C4C7
17775	#C3C3A3
17776	#C0C07D
17777	#BABA6F
17778	#B4B467
17779	#AEAD70
17780	#B4BCAE
17781	#B7C0B9
17782	#AC3CAE
17783	#B57C57
17784	#DD855C
17785	#CD3878
17786	#B63E27
17787	#AC3911
17788	#9B002E
17789	#5B006C
17790	#194095
17791	#008810
17792	#003E00
17793	#000A00
17794	#000089
17795	#0000B4
17796	#000098
17797	#A7A7C8
17798	#FFFFFF
17799	#FFFFFF
17800	#FFFFFF
17801	#FFFFFF
17802	#FFFFFF
17803	#FFFFFF
17804	#EAEAEA
17805	#151515
17806	#000000
17807	#000000
17808	#000000
17809	#000000
17810	#000000
17811	#000000
17812	#000000
17813	#000000
17814	#000000
17815	#0F0F0F
17816	#383838
17817	#828282
17818	#A4A4A4
17819	#898989
17820	#A0A0A0
17821	#A9A9A9
17822	#ABABAB
17823	#B1B1B1
17824	#B1B1B1
17825	#B3B3B3
17826	#BBBBBB
17827	#BFBFBF
17828	#C1C1C1
17829	#C3C3C3
17830	#C6C6C6
17831	#C9C9C9
17832	#CACACA
17833	#CDCDCD
17834	#CECECE
17835	#CCCCCC
17836	#CACACA
17837	#CBCBCB
17838	#CCCCCC
17839	#CBCBCB
17840	#CBCBCB
17841	#CBCBCB
17842	#CCCCCC
17843	#CCCCCC
17844	#CDCDCD
17845	#D4D4D4
17846	#D9D9D9
17847	#DCDCDC
17848	#DBDBDB
17849	#DBDBDB
17850	#DCDCDC
17851	#DCDCDC
17852	#DBDBDB
17853	#DCDCDC
17854	#DDDDDD
17855	#D9D9D9
17856	#D3D3D3
17857	#D1D1D1
17858	#D4D4D4
17859	#D3D3D3
17860	#D2D2D2
17861	#D2D2D2
17862	#D2D2D2
17863	#D3D3D3
17864	#D4D4D4
17865	#D3D3D3
17866	#D2D2D2
17867	#D2D2D2
17868	#D0D0D0
17869	#CECECE
17870	#CECECE
17871	#CECECE
17872	#CDCDCD
17873	#CDCDCD
17874	#CCCCCC
17875	#CACACA
17876	#C6C6C6
17877	#C3C3C3
17878	#BBBBBB
17879	#B7B7B7
17880	#B3B3B3
17881	#AAAAAA
17882	#B4B4B4
17883	#B9B9B9
17884	#AAAAAA
17885	#9D9D9D
17886	#6F6F6F
17887	#2A2A2A
17888	#0B0B0B
17889	#000000
17890	#000000
17891	#000000
17892	#000000
17893	#000000
17894	#000000
17895	#000000
17896	#000000
17897	#000000
17898	#353535
17899	#FFFFFF
17900	#FFFFFF
17901	#FFFFFF
17902	#FFFFFF
17903	#5E5E5E
17904	#000000
17905	#000000
17906	#000000
17907	#000000
17908	#000000
17909	#000000
17910	#000000
17911	#000000
17912	#000000
17913	#070707
17914	#252525
17915	#666666
17916	#A1A1A1
17917	#939393
17918	#939393
17919	#A9A9A9
17920	#A9A9A9
17921	#B0B0B0
17922	#B2B2B2
17923	#B1B1B1
17924	#B8B8B8
17925	#BEBEBE
17926	#C0C0C0
17927	#C3C3C3
17928	#C5C5C5
17929	#C8C8C8
17930	#CACACA
17931	#CCCCCC
17932	#CECECE
17933	#CDCDCD
17934	#CACACA
17935	#CACACA
17936	#CCCCCC
17937	#CCCCCC
17938	#CBCBCB
17939	#CBCBCB
17940	#CCCCCC
17941	#CCCCCC
17942	#CCCCCC
17943	#D1D1D1
17944	#D8D8D8
17945	#DBDBDB
17946	#DCDCDC
17947	#DBDBDB
17948	#DCDCDC
17949	#DCDCDC
17950	#DBDBDB
17951	#DBDBDB
17952	#DCDCDC
17953	#DBDBDB
17954	#D5D5D5
17955	#D1D1D1
17956	#D3D3D3
17957	#D4D4D4
17958	#D3D3D3
17959	#D3D3D3
17960	#D2D2D2
17961	#D2D2D2
17962	#D3D3D3
17963	#D4D4D4
17964	#D3D3D3
17965	#D2D2D2
17966	#D1D1D1
17967	#CECECE
17968	#CECECE
17969	#CECECE
17970	#CDCDCD
17971	#CDCDCD
17972	#CCCCCC
17973	#CBCBCB
17974	#C8C8C6
17975	#C4C498
17976	#BEBE79
17977	#B8B86A
17978	#B5B564
17979	#ADAD6D
17980	#AEBCA9
17981	#BA9DBC
17982	#B136A9
17983	#C89041
17984	#878597
17985	#9D8658
17986	#36BD13
17987	#26A500
17988	#77430C
17989	#820047
17990	#2F1998
17991	#01903B
17992	#004900
17993	#000C00
17994	#000085
17995	#0000AE
17996	#000095
17997	#AAAAC9
17998	#FFFFFF
17999	#FFFFFF
18000	#FFFFFF
18001	#FFFFFF
18002	#FFFFFF
18003	#FFFFFF
18004	#E9E9E9
18005	#131313
18006	#000000
18007	#000000
18008	#000000
18009	#000000
18010	#000000
18011	#000000
18012	#000000
18013	#000000
18014	#000000
18015	#0D0D0D
18016	#363636
18017	#848484
18018	#9B9B9B
18019	#949494
18020	#AFAFAF
18021	#AEAEAE
18022	#ADADAD
18023	#AEAEAE
18024	#ADADAD
18025	#B0B0B0
18026	#B8B8B8
18027	#BFBFBF
18028	#C3C3C3
18029	#C7C7C7
18030	#CBCBCB
18031	#CCCCCC
18032	#CDCDCD
18033	#CFCFCF
18034	#CDCDCD
18035	#CCCCCC
18036	#CDCDCD
18037	#CDCDCD
18038	#CECECE
18039	#CECECE
18040	#CECECE
18041	#CECECE
18042	#CDCDCD
18043	#CDCDCD
18044	#CDCDCD
18045	#D2D2D2
18046	#DADADA
18047	#DCDCDC
18048	#DBDBDB
18049	#DCDCDC
18050	#DCDCDC
18051	#DCDCDC
18052	#DADADA
18053	#DCDCDC
18054	#DCDCDC
18055	#D7D7D7
18056	#D4D4D4
18057	#D4D4D4
18058	#D6D6D6
18059	#D5D5D5
18060	#D3D3D3
18061	#D3D3D3
18062	#D5D5D5
18063	#D5D5D5
18064	#D4D4D4
18065	#D4D4D4
18066	#D4D4D4
18067	#D2D2D2
18068	#D1D1D1
18069	#CECECE
18070	#CDCDCD
18071	#CECECE
18072	#CECECE
18073	#CECECE
18074	#CDCDCD
18075	#CCCCCC
18076	#CACACA
18077	#C4C4C4
18078	#BBBBBB
18079	#B7B7B7
18080	#B3B3B3
18081	#ADADAD
18082	#B2B2B2
18083	#B8B8B8
18084	#AAAAAA
18085	#A0A0A0
18086	#777777
18087	#2F2F2F
18088	#0C0C0C
18089	#000000
18090	#000000
18091	#000000
18092	#000000
18093	#000000
18094	#000000
18095	#000000
18096	#000000
18097	#000000
18098	#333333
18099	#FFFFFF
18100	#FFFFFF
18101	#FFFFFF
18102	#FFFFFF
18103	#5C5C5C
18104	#000000
18105	#000000
18106	#000000
18107	#000000
18108	#000000
18109	#000000
18110	#000000
18111	#000000
18112	#000000
18113	#060606
18114	#222222
18115	#676767
18116	#9C9C9C
18117	#919191
18118	#A7A7A7
18119	#B1B1B1
18120	#ACACAC
18121	#AEAEAE
18122	#ADADAD
18123	#AEAEAE
18124	#B5B5B5
18125	#BDBDBD
18126	#C2C2C2
18127	#C5C5C5
18128	#CACACA
18129	#CCCCCC
18130	#CDCDCD
18131	#CECECE
18132	#CECECE
18133	#CBCBCB
18134	#CDCDCD
18135	#CDCDCD
18136	#CECECE
18137	#CECECE
18138	#CECECE
18139	#CDCDCD
18140	#CECECE
18141	#CDCDCD
18142	#CDCDCD
18143	#CFCFCF
18144	#D8D8D8
18145	#DBDBDB
18146	#DBDBDB
18147	#DBDBDB
18148	#DCDCDC
18149	#DCDCDC
18150	#DBDBDB
18151	#DBDBDB
18152	#DDDDDD
18153	#D9D9D9
18154	#D4D4D4
18155	#D4D4D4
18156	#D6D6D6
18157	#D5D5D5
18158	#D3D3D3
18159	#D3D3D3
18160	#D4D4D4
18161	#D5D5D5
18162	#D4D4D4
18163	#D3D3D3
18164	#D4D4D4
18165	#D3D3D3
18166	#D2D2D2
18167	#CFCFCF
18168	#CDCDCD
18169	#CECECE
18170	#CECECE
18171	#CECECE
18172	#CDCDCD
18173	#CCCCCD
18174	#CBCBC7
18175	#C7C792
18176	#BEBE75
18177	#B8B864
18178	#B5B55F
18179	#AFAE68
18180	#AFBEA1
18181	#B6A5BC
18182	#B94E92
18183	#A7A156
18184	#2E85AF
18185	#2F8B48
18186	#149115
18187	#007002
18188	#159600
18189	#8E2423
18190	#4E057F
18191	#06735E
18192	#005800
18193	#000E11
18194	#00009C
18195	#0000A5
18196	#00008A
18197	#A8A8C6
18198	#FFFFFF
18199	#FFFFFF
18200	#FFFFFF
18201	#FFFFFF
18202	#FFFFFF
18203	#FFFFFF
18204	#E9E9E9
18205	#121212
18206	#000000
18207	#000000
18208	#000000
18209	#000000
18210	#000000
18211	#000000
18212	#000000
18213	#000000
18214	#000000
18215	#0C0C0C
18216	#323232
18217	#838383
18218	#949494
18219	#9B9B9B
18220	#B3B3B3
18221	#B3B3B3
18222	#ADADAD
18223	#A8A8A8
18224	#ACACAC
18225	#B3B3B3
18226	#B8B8B8
18227	#BDBDBD
18228	#C3C3C3
18229	#CACACA
18230	#CCCCCC
18231	#CCCCCC
18232	#CFCFCF
18233	#CCCCCC
18234	#CACACA
18235	#CDCDCD
18236	#CECECE
18237	#CECECE
18238	#D0D0D0
18239	#D0D0D0
18240	#D0D0D0
18241	#CFCFCF
18242	#CECECE
18243	#CECECE
18244	#CFCFCF
18245	#D1D1D1
18246	#D8D8D8
18247	#DCDCDC
18248	#DADADA
18249	#DBDBDB
18250	#DCDCDC
18251	#DADADA
18252	#D9D9D9
18253	#DADADA
18254	#DADADA
18255	#D7D7D7
18256	#D5D5D5
18257	#D7D7D7
18258	#DADADA
18259	#DADADA
18260	#D8D8D8
18261	#D7D7D7
18262	#D6D6D6
18263	#D5D5D5
18264	#D5D5D5
18265	#D5D5D5
18266	#D4D4D4
18267	#D3D3D3
18268	#D2D2D2
18269	#D0D0D0
18270	#CFCFCF
18271	#CDCDCD
18272	#CECECE
18273	#CECECE
18274	#CDCDCD
18275	#CBCBCB
18276	#CBCBCB
18277	#C8C8C8
18278	#BFBFBF
18279	#B8B8B8
18280	#B3B3B3
18281	#B2B2B2
18282	#B4B4B4
18283	#B3B3B3
18284	#AAAAAA
18285	#A4A4A4
18286	#7E7E7E
18287	#343434
18288	#0E0E0E
18289	#000000
18290	#000000
18291	#000000
18292	#000000
18293	#000000
18294	#000000
18295	#000000
18296	#000000
18297	#000000
18298	#323232
18299	#FFFFFF
18300	#FFFFFF
18301	#FFFFFF
18302	#FFFFFF
18303	#5B5B5B
18304	#000000
18305	#000000
18306	#000000
18307	#000000
18308	#000000
18309	#000000
18310	#000000
18311	#000000
18312	#000000
18313	#050505
18314	#1F1F1F
18315	#656565
18316	#989898
18317	#929292
18318	#AFAFAF
18319	#B4B4B4
18320	#B0B0B0
18321	#A9A9A9
18322	#AAAAAA
18323	#B1B1B1
18324	#B6B6B6
18325	#BBBBBB
18326	#C1C1C1
18327	#C8C8C8
18328	#CDCDCD
18329	#CCCCCC
18330	#CECECE
18331	#CDCDCD
18332	#CBCBCB
18333	#CCCCCC
18334	#CECECE
18335	#CECECE
18336	#CFCFCF
18337	#D0D0D0
18338	#D0D0D0
18339	#CFCFCF
18340	#CECECE
18341	#CECECE
18342	#CFCFCF
18343	#D0D0D0
18344	#D6D6D6
18345	#DBDBDB
18346	#DBDBDB
18347	#DADADA
18348	#DCDCDC
18349	#DBDBDB
18350	#D9D9D9
18351	#DADADA
18352	#DBDBDB
18353	#D9D9D9
18354	#D5D5D5
18355	#D6D6D6
18356	#D9D9D9
18357	#DADADA
18358	#D8D8D8
18359	#D7D7D7
18360	#D6D6D6
18361	#D5D5D5
18362	#D5D5D5
18363	#D5D5D5
18364	#D5D5D5
18365	#D3D3D3
18366	#D3D3D3
18367	#D1D1D1
18368	#D0D0D0
18369	#CECECE
18370	#CDCDCD
18371	#CECECE
18372	#CECECE
18373	#CCCCCC
18374	#CBCBC7
18375	#C9C993
18376	#C3C377
18377	#BABA61
18378	#B5B55A
18379	#B1B063
18380	#B4C39C
18381	#B1A9B8
18382	#C06783
18383	#62A84D
18384	#527FA7
18385	#4F9D4B
18386	#185518
18387	#063403
18388	#006E00
18389	#55520B
18390	#6D0063
18391	#0F7184
18392	#006400
18393	#001028
18394	#0000B9
18395	#00009C
18396	#000080
18397	#A7A7C3
18398	#FFFFFF
18399	#FFFFFF
18400	#FFFFFF
18401	#FFFFFF
18402	#FFFFFF
18403	#FFFFFF
18404	#E9E9E9
18405	#121212
18406	#000000
18407	#000000
18408	#000000
18409	#000000
18410	#000000
18411	#000000
18412	#000000
18413	#000000
18414	#000000
18415	#0B0B0B
18416	#303030
18417	#828282
18418	#969696
18419	#9E9E9E
18420	#B4B4B4
18421	#B6B6B6
18422	#ACACAC
18423	#A8A8A8
18424	#AFAFAF
18425	#B6B6B6
18426	#B8B8B8
18427	#BEBEBE
18428	#C6C6C6
18429	#CCCCCC
18430	#CDCDCD
18431	#CDCDCD
18432	#CCCCCC
18433	#CBCBCB
18434	#CDCDCD
18435	#CECECE
18436	#CFCFCF
18437	#D0D0D0
18438	#D1D1D1
18439	#D2D2D2
18440	#D2D2D2
18441	#D1D1D1
18442	#D1D1D1
18443	#D0D0D0
18444	#D0D0D0
18445	#D0D0D0
18446	#D8D8D8
18447	#DBDBDB
18448	#D9D9D9
18449	#D8D8D8
18450	#D9D9D9
18451	#D7D7D7
18452	#D7D7D7
18453	#DADADA
18454	#DBDBDB
18455	#DADADA
18456	#D7D7D7
18457	#DADADA
18458	#DBDBDB
18459	#DBDBDB
18460	#DADADA
18461	#DBDBDB
18462	#D8D8D8
18463	#D6D6D6
18464	#D6D6D6
18465	#D6D6D6
18466	#D6D6D6
18467	#D4D4D4
18468	#D2D2D2
18469	#D1D1D1
18470	#CFCFCF
18471	#CECECE
18472	#CCCCCC
18473	#CCCCCC
18474	#CDCDCD
18475	#CCCCCC
18476	#CACACA
18477	#C8C8C8
18478	#C4C4C4
18479	#BCBCBC
18480	#B3B3B3
18481	#B6B6B6
18482	#B7B7B7
18483	#ACACAC
18484	#A7A7A7
18485	#AAAAAA
18486	#848484
18487	#3A3A3A
18488	#101010
18489	#010101
18490	#000000
18491	#000000
18492	#000000
18493	#000000
18494	#000000
18495	#000000
18496	#000000
18497	#000000
18498	#313131
18499	#FFFFFF
18500	#FFFFFF
18501	#FFFFFF
18502	#FFFFFF
18503	#5B5B5B
18504	#000000
18505	#000000
18506	#000000
18507	#000000
18508	#000000
18509	#000000
18510	#000000
18511	#000000
18512	#000000
18513	#040404
18514	#1C1C1C
18515	#646464
18516	#989898
18517	#969696
18518	#AFAFAF
18519	#B7B7B7
18520	#B1B1B1
18521	#A7A7A7
18522	#ACACAC
18523	#B4B4B4
18524	#B7B7B7
18525	#BBBBBB
18526	#C3C3C3
18527	#CACACA
18528	#CDCDCD
18529	#CDCDCD
18530	#CDCDCD
18531	#CACACA
18532	#CCCCCC
18533	#CECECE
18534	#CECECE
18535	#CFCFCF
18536	#D1D1D1
18537	#D2D2D2
18538	#D2D2D2
18539	#D1D1D1
18540	#D1D1D1
18541	#D0D0D0
18542	#D0D0D0
18543	#CFCFCF
18544	#D5D5D5
18545	#DBDBDB
18546	#DADADA
18547	#D8D8D8
18548	#D9D9D9
18549	#D8D8D8
18550	#D6D6D6
18551	#D9D9D9
18552	#DADADA
18553	#DBDBDB
18554	#D8D8D8
18555	#D8D8D8
18556	#DBDBDB
18557	#DCDCDC
18558	#DBDBDB
18559	#DBDBDB
18560	#D9D9D9
18561	#D7D7D7
18562	#D6D6D6
18563	#D6D6D6
18564	#D6D6D6
18565	#D4D4D4
18566	#D3D3D3
18567	#D1D1D1
18568	#D0D0D0
18569	#CFCFCF
18570	#CCCCCC
18571	#CCCCCC
18572	#CCCCCC
18573	#CDCDCD
18574	#CBCBC7
18575	#C9C991
18576	#C6C677
18577	#C0C063
18578	#B6B656
18579	#B3B264
18580	#B8C8A0
18581	#AFA2B7
18582	#C16E71
18583	#7BAF87
18584	#775DA6
18585	#647D53
18586	#9A2A1B
18587	#8C0904
18588	#0D3E00
18589	#397401
18590	#82094B
18591	#183975
18592	#006900
18593	#001127
18594	#0000B8
18595	#000094
18596	#000078
18597	#A7A7C1
18598	#FFFFFF
18599	#FFFFFF
18600	#FFFFFF
18601	#FFFFFF
18602	#FFFFFF
18603	#FFFFFF
18604	#E9E9E9
18605	#121212
18606	#000000
18607	#000000
18608	#000000
18609	#000000
18610	#000000
18611	#000000
18612	#000000
18613	#000000
18614	#000000
18615	#090909
18616	#2D2D2D
18617	#808080
18618	#9B9B9B
18619	#A0A0A0
18620	#B4B4B4
18621	#B4B4B4
18622	#AEAEAE
18623	#ABABAB
18624	#B1B1B1
18625	#B6B6B6
18626	#BABABA
18627	#C3C3C3
18628	#C8C8C8
18629	#CBCBCB
18630	#CDCDCD
18631	#CCCCCC
18632	#CACACA
18633	#CCCCCC
18634	#CECECE
18635	#D0D0D0
18636	#D0D0D0
18637	#D1D1D1
18638	#D3D3D3
18639	#D3D3D3
18640	#D4D4D4
18641	#D3D3D3
18642	#D5D5D5
18643	#D6D6D6
18644	#D2D2D2
18645	#D1D1D1
18646	#D9D9D9
18647	#DCDCDC
18648	#D9D9D9
18649	#D8D8D8
18650	#D9D9D9
18651	#D9D9D9
18652	#DADADA
18653	#DCDCDC
18654	#DEDEDE
18655	#DEDEDE
18656	#DBDBDB
18657	#DADADA
18658	#DCDCDC
18659	#DDDDDD
18660	#DCDCDC
18661	#DCDCDC
18662	#DBDBDB
18663	#DADADA
18664	#D8D8D8
18665	#D6D6D6
18666	#D6D6D6
18667	#D5D5D5
18668	#D3D3D3
18669	#D2D2D2
18670	#D0D0D0
18671	#CFCFCF
18672	#CDCDCD
18673	#CBCBCB
18674	#CACACA
18675	#CBCBCB
18676	#CBCBCB
18677	#C8C8C8
18678	#C6C6C6
18679	#C1C1C1
18680	#B8B8B8
18681	#B9B9B9
18682	#B7B7B7
18683	#A7A7A7
18684	#9F9F9F
18685	#AFAFAF
18686	#8B8B8B
18687	#3F3F3F
18688	#121212
18689	#020202
18690	#000000
18691	#000000
18692	#070707
18693	#272727
18694	#292929
18695	#222222
18696	#383838
18697	#303030
18698	#474747
18699	#FDFDFD
18700	#FFFFFF
18701	#FFFFFF
18702	#FFFFFF
18703	#5B5B5B
18704	#000000
18705	#000000
18706	#000000
18707	#000000
18708	#000000
18709	#000000
18710	#000000
18711	#000000
18712	#000000
18713	#040404
18714	#1A1A1A
18715	#626262
18716	#999999
18717	#9B9B9B
18718	#AEAEAE
18719	#B6B6B6
18720	#B0B0B0
18721	#ABABAB
18722	#AEAEAE
18723	#B4B4B4
18724	#B8B8B8
18725	#C0C0C0
18726	#C7C7C7
18727	#CACACA
18728	#CCCCCC
18729	#CDCDCD
18730	#CACACA
18731	#CBCBCB
18732	#CECECE
18733	#CFCFCF
18734	#D0D0D0
18735	#D1D1D1
18736	#D2D2D2
18737	#D3D3D3
18738	#D3D3D3
18739	#D3D3D3
18740	#D4D4D4
18741	#D6D6D6
18742	#D4D4D4
18743	#D0D0D0
18744	#D6D6D6
18745	#DCDCDC
18746	#DADADA
18747	#D8D8D8
18748	#D9D9D9
18749	#D9D9D9
18750	#D9D9D9
18751	#DBDBDB
18752	#DDDDDD
18753	#DEDEDE
18754	#DCDCDC
18755	#DADADA
18756	#DCDCDC
18757	#DDDDDD
18758	#DDDDDD
18759	#DCDCDC
18760	#DCDCDC
18761	#DBDBDB
18762	#D9D9D9
18763	#D6D6D6
18764	#D6D6D6
18765	#D5D5D5
18766	#D3D3D3
18767	#D3D3D3
18768	#D0D0D0
18769	#CFCFCF
18770	#CECECE
18771	#CCCCCC
18772	#CACACA
18773	#CBCBCB
18774	#CCCCC7
18775	#C9C990
18776	#C7C775
18777	#C4C463
18778	#BABA57
18779	#B8B766
18780	#B9C5A1
18781	#B053B3
18782	#A3674F
18783	#5DA990
18784	#8B7EAA
18785	#717859
18786	#B51D1E
18787	#9E0205
18788	#401B00
18789	#097C00
18790	#7A173A
18791	#42406E
18792	#308B31
18793	#182E1D
18794	#393868
18795	#3131BA
18796	#2323A2
18797	#A7A7C0
18798	#FFFFFF
18799	#FFFFFF
18800	#FFFFFF
18801	#FFFFFF
18802	#FFFFFF
18803	#FFFFFF
18804	#E9E9E9
18805	#121212
18806	#000000
18807	#000000
18808	#000000
18809	#000000
18810	#000000
18811	#000000
18812	#000000
18813	#000000
18814	#000000
18815	#080808
18816	#2A2A2A
18817	#7D7D7D
18818	#9F9F9F
18819	#A2A2A2
18820	#B1B1B1
18821	#B3B3B3
18822	#B3B3B3
18823	#B1B1B1
18824	#B2B2B2
18825	#B7B7B7
18826	#C0C0C0
18827	#C7C7C7
18828	#C8C8C8
18829	#CACACA
18830	#CCCCCC
18831	#C9C9C9
18832	#CBCBCB
18833	#CDCDCD
18834	#CECECE
18835	#D0D0D0
18836	#D1D1D1
18837	#D3D3D3
18838	#D3D3D3
18839	#D4D4D4
18840	#D6D6D6
18841	#D8D8D8
18842	#D9D9D9
18843	#D9D9D9
18844	#D7D7D7
18845	#D7D7D7
18846	#DCDCDC
18847	#DFDFDF
18848	#DCDCDC
18849	#DCDCDC
18850	#DCDCDC
18851	#DCDCDC
18852	#DDDDDD
18853	#DEDEDE
18854	#E0E0E0
18855	#DEDEDE
18856	#DBDBDB
18857	#DBDBDB
18858	#DDDDDD
18859	#DBDBDB
18860	#DADADA
18861	#DBDBDB
18862	#DDDDDD
18863	#DCDCDC
18864	#DBDBDB
18865	#D9D9D9
18866	#D6D6D6
18867	#D4D4D4
18868	#D3D3D3
18869	#D3D3D3
18870	#D1D1D1
18871	#D0D0D0
18872	#CECECE
18873	#CCCCCC
18874	#CACACA
18875	#C8C8C8
18876	#CACACA
18877	#C9C9C9
18878	#C6C6C6
18879	#C3C3C3
18880	#C0C0C0
18881	#BCBCBC
18882	#B7B7B7
18883	#A5A5A5
18884	#969696
18885	#AFAFAF
18886	#929292
18887	#434343
18888	#141414
18889	#020202
18890	#000000
18891	#000000
18892	#1B1B1B
18893	#767676
18894	#4B4B4B
18895	#5D5D5D
18896	#595959
18897	#535353
18898	#505050
18899	#FCFCFC
18900	#FFFFFF
18901	#FFFFFF
18902	#FFFFFF
18903	#5B5B5B
18904	#000000
18905	#000000
18906	#000000
18907	#000000
18908	#000000
18909	#000000
18910	#000000
18911	#000000
18912	#000000
18913	#030303
18914	#181818
18915	#5E5E5E
18916	#9A9A9A
18917	#A0A0A0
18918	#ACACAC
18919	#B4B4B4
18920	#B2B2B2
18921	#B2B2B2
18922	#B1B1B1
18923	#B6B6B6
18924	#BCBCBC
18925	#C5C5C5
18926	#C8C8C8
18927	#CACACA
18928	#CBCBCB
18929	#CACACA
18930	#CACACA
18931	#CDCDCD
18932	#CECECE
18933	#D0D0D0
18934	#D1D1D1
18935	#D2D2D2
18936	#D3D3D3
18937	#D3D3D3
18938	#D5D5D5
18939	#D7D7D7
18940	#D9D9D9
18941	#D9D9D9
18942	#D8D8D8
18943	#D5D5D5
18944	#DADADA
18945	#DEDEDE
18946	#DDDDDD
18947	#DCDCDC
18948	#DCDCDC
18949	#DCDCDC
18950	#DCDCDC
18951	#DEDEDE
18952	#DFDFDF
18953	#DFDFDF
18954	#DCDCDC
18955	#DADADA
18956	#DDDDDD
18957	#DBDBDB
18958	#DADADA
18959	#DBDBDB
18960	#DCDCDC
18961	#DCDCDC
18962	#DBDBDB
18963	#DADADA
18964	#D7D7D7
18965	#D5D5D5
18966	#D3D3D3
18967	#D3D3D3
18968	#D1D1D1
18969	#D0D0D0
18970	#CFCFCF
18971	#CDCDCD
18972	#CBCBCB
18973	#C9C9C9
18974	#C9C9C5
18975	#C9C990
18976	#C7C774
18977	#C4C462
18978	#C1C15C
18979	#BEBD6B
18980	#B9C6A2
18981	#AD4DAF
18982	#AF665E
18983	#8694BC
18984	#968AA8
18985	#847C5E
18986	#971F21
18987	#7B0507
18988	#730D00
18989	#0C6500
18990	#811630
18991	#945C5D
18992	#578F4E
18993	#506C46
18994	#646361
18995	#5252C1
18996	#38389D
18997	#A6A6C1
18998	#FFFFFF
18999	#FFFFFF
19000	#FFFFFF
19001	#FFFFFF
19002	#FFFFFF
19003	#FFFFFF
19004	#E9E9E9
19005	#151515
19006	#000000
19007	#000000
19008	#000000
19009	#000000
19010	#000000
19011	#000000
19012	#000000
19013	#000000
19014	#000000
19015	#080808
19016	#282828
19017	#787878
19018	#A1A1A1
19019	#A4A4A4
19020	#A7A7A7
19021	#AFAFAF
19022	#B7B7B7
19023	#B8B8B8
19024	#B4B4B4
19025	#BBBBBB
19026	#C4C4C4
19027	#C7C7C7
19028	#CACACA
19029	#CACACA
19030	#C9C9C9
19031	#CACACA
19032	#CCCCCC
19033	#CECECE
19034	#CFCFCF
19035	#D2D2D2
19036	#D2D2D2
19037	#D3D3D3
19038	#D4D4D4
19039	#D7D7D7
19040	#D9D9D9
19041	#DADADA
19042	#DBDBDB
19043	#DCDCDC
19044	#DADADA
19045	#D8D8D8
19046	#DDDDDD
19047	#DFDFDF
19048	#DFDFDF
19049	#DDDDDD
19050	#DBDBDB
19051	#DBDBDB
19052	#DCDCDC
19053	#DFDFDF
19054	#E0E0E0
19055	#E0E0E0
19056	#DDDDDD
19057	#DADADA
19058	#D8D8D8
19059	#D7D7D7
19060	#D7D7D7
19061	#D8D8D8
19062	#DBDBDB
19063	#DCDCDC
19064	#DBDBDB
19065	#DBDBDB
19066	#D9D9D9
19067	#D5D5D5
19068	#D3D3D3
19069	#D3D3D3
19070	#D1D1D1
19071	#D0D0D0
19072	#CFCFCF
19073	#CDCDCD
19074	#CBCBCB
19075	#C8C8C8
19076	#C6C6C6
19077	#C6C6C6
19078	#C6C6C6
19079	#C4C4C4
19080	#C4C4C4
19081	#C1C1C1
19082	#B7B7B7
19083	#A5A5A5
19084	#929292
19085	#A9A9A9
19086	#989898
19087	#474747
19088	#161616
19089	#020202
19090	#000000
19091	#000000
19092	#1A1A1A
19093	#6A6A6A
19094	#525252
19095	#525252
19096	#494949
19097	#474747
19098	#666666
19099	#FBFBFB
19100	#FFFFFF
19101	#FFFFFF
19102	#FFFFFF
19103	#5E5E5E
19104	#000000
19105	#000000
19106	#000000
19107	#000000
19108	#000000
19109	#000000
19110	#000000
19111	#000000
19112	#000000
19113	#020202
19114	#161616
19115	#595959
19116	#9A9A9A
19117	#A4A4A4
19118	#A5A5A5
19119	#ABABAB
19120	#B5B5B5
19121	#B8B8B8
19122	#B5B5B5
19123	#B7B7B7
19124	#C1C1C1
19125	#C6C6C6
19126	#C9C9C9
19127	#CACACA
19128	#C9C9C9
19129	#C9C9C9
19130	#CBCBCB
19131	#CDCDCD
19132	#CFCFCF
19133	#D1D1D1
19134	#D2D2D2
19135	#D2D2D2
19136	#D3D3D3
19137	#D5D5D5
19138	#D8D8D8
19139	#DADADA
19140	#DADADA
19141	#DCDCDC
19142	#DCDCDC
19143	#D8D8D8
19144	#DBDBDB
19145	#DFDFDF
19146	#DFDFDF
19147	#DEDEDE
19148	#DCDCDC
19149	#DBDBDB
19150	#DBDBDB
19151	#DEDEDE
19152	#E0E0E0
19153	#E0E0E0
19154	#DEDEDE
19155	#DBDBDB
19156	#D9D9D9
19157	#D7D7D7
19158	#D7D7D7
19159	#D8D8D8
19160	#D9D9D9
19161	#DBDBDB
19162	#DCDCDC
19163	#DBDBDB
19164	#DADADA
19165	#D7D7D7
19166	#D4D4D4
19167	#D3D3D3
19168	#D2D2D2
19169	#D0D0D0
19170	#CFCFCF
19171	#CECECE
19172	#CCCCCC
19173	#C9C9CA
19174	#C6C6C2
19175	#C6C68C
19176	#C7C774
19177	#C5C560
19178	#C5C55D
19179	#C3C370
19180	#BBC8A4
19181	#AA4BAB
19182	#BD6963
19183	#A089C1
19184	#9E7EAA
19185	#BB7B65
19186	#972123
19187	#720607
19188	#760500
19189	#0F6500
19190	#894429
19191	#8F5359
19192	#4E8A47
19193	#627E88
19194	#3E3CA7
19195	#4E4E7F
19196	#4444A5
19197	#AFAFC9
19198	#FFFFFF
19199	#FFFFFF
19200	#FFFFFF
19201	#FFFFFF
19202	#FFFFFF
19203	#FFFFFF
19204	#E8E8E8
19205	#090909
19206	#000000
19207	#000000
19208	#000000
19209	#000000
19210	#000000
19211	#000000
19212	#000000
19213	#000000
19214	#000000
19215	#000000
19216	#1D1D1D
19217	#6D6D6D
19218	#A1A1A1
19219	#A3A3A3
19220	#969696
19221	#A4A4A4
19222	#B5B5B5
19223	#B8B8B8
19224	#BABABA
19225	#BDBDBD
19226	#C3C3C3
19227	#C6C6C6
19228	#C7C7C7
19229	#C6C6C6
19230	#C7C7C7
19231	#C8C8C8
19232	#CBCBCB
19233	#CDCDCD
19234	#CFCFCF
19235	#D0D0D0
19236	#D1D1D1
19237	#D2D2D2
19238	#D5D5D5
19239	#D9D9D9
19240	#D8D8D8
19241	#D9D9D9
19242	#DADADA
19243	#DBDBDB
19244	#D9D9D9
19245	#D7D7D7
19246	#DCDCDC
19247	#DFDFDF
19248	#DDDDDD
19249	#DCDCDC
19250	#DBDBDB
19251	#DBDBDB
19252	#DCDCDC
19253	#DDDDDD
19254	#DFDFDF
19255	#E1E1E1
19256	#DBDBDB
19257	#D5D5D5
19258	#D5D5D5
19259	#D6D6D6
19260	#D6D6D6
19261	#D7D7D7
19262	#D8D8D8
19263	#D7D7D7
19264	#D8D8D8
19265	#DADADA
19266	#DADADA
19267	#D8D8D8
19268	#D4D4D4
19269	#D1D1D1
19270	#D0D0D0
19271	#CFCFCF
19272	#CECECE
19273	#CBCBCB
19274	#C9C9C9
19275	#C7C7C7
19276	#C4C4C4
19277	#C2C2C2
19278	#C3C3C3
19279	#C4C4C4
19280	#C4C4C4
19281	#C1C1C1
19282	#B4B4B4
19283	#A1A1A1
19284	#909090
19285	#A3A3A3
19286	#9B9B9B
19287	#474747
19288	#0E0E0E
19289	#000000
19290	#000000
19291	#000000
19292	#000000
19293	#0F0F0F
19294	#171717
19295	#121212
19296	#1F1F1F
19297	#1C1C1C
19298	#3A3A3A
19299	#FDFDFD
19300	#FFFFFF
19301	#FFFFFF
19302	#FFFFFF
19303	#545454
19304	#000000
19305	#000000
19306	#000000
19307	#000000
19308	#000000
19309	#000000
19310	#000000
19311	#000000
19312	#000000
19313	#000000
19314	#0C0C0C
19315	#4D4D4D
19316	#959595
19317	#A6A6A6
19318	#9B9B9B
19319	#9A9A9A
19320	#B1B1B1
19321	#B7B7B7
19322	#B9B9B9
19323	#BBBBBB
19324	#C1C1C1
19325	#C4C4C4
19326	#C6C6C6
19327	#C7C7C7
19328	#C6C6C6
19329	#C8C8C8
19330	#CACACA
19331	#CCCCCC
19332	#CFCFCF
19333	#CFCFCF
19334	#D1D1D1
19335	#D2D2D2
19336	#D4D4D4
19337	#D7D7D7
19338	#D8D8D8
19339	#D8D8D8
19340	#D9D9D9
19341	#DBDBDB
19342	#DBDBDB
19343	#D8D8D8
19344	#DADADA
19345	#DEDEDE
19346	#DEDEDE
19347	#DCDCDC
19348	#DBDBDB
19349	#DADADA
19350	#DCDCDC
19351	#DDDDDD
19352	#DFDFDF
19353	#E1E1E1
19354	#DEDEDE
19355	#D6D6D6
19356	#D4D4D4
19357	#D5D5D5
19358	#D6D6D6
19359	#D6D6D6
19360	#D8D8D8
19361	#D7D7D7
19362	#D8D8D8
19363	#D9D9D9
19364	#DADADA
19365	#D9D9D9
19366	#D6D6D6
19367	#D2D2D2
19368	#D1D1D1
19369	#CFCFCF
19370	#CFCFCF
19371	#CCCCCC
19372	#CACACA
19373	#C7C7C8
19374	#C5C5C1
19375	#C2C286
19376	#C2C26A
19377	#C3C359
19378	#C4C457
19379	#C3C26A
19380	#BCCBA3
19381	#A575A6
19382	#BF695D
19383	#9B80B6
19384	#9A74A9
19385	#AF7B69
19386	#911B1D
19387	#6D0000
19388	#660000
19389	#065F00
19390	#885518
19391	#40348B
19392	#137E3A
19393	#142C39
19394	#1B1AB1
19395	#1E1E9E
19396	#11117A
19397	#A3A3BD
19398	#FFFFFF
19399	#FFFFFF
19400	#FFFFFF
19401	#FFFFFF
19402	#FFFFFF
19403	#FFFFFF
19404	#F3F3F3
19405	#808080
19406	#767676
19407	#777777
19408	#777777
19409	#777777
19410	#777777
19411	#777777
19412	#777777
19413	#777777
19414	#777777
19415	#797979
19416	#858585
19417	#A2A2A2
19418	#B9B9B9
19419	#B9B9B9
19420	#B2B2B2
19421	#B8B8B8
19422	#BFBFBF
19423	#C1C1C1
19424	#C3C3C3
19425	#C4C4C4
19426	#C5C5C5
19427	#C6C6C6
19428	#C6C6C6
19429	#C6C6C6
19430	#C6C6C6
19431	#C7C7C7
19432	#C8C8C8
19433	#C9C9C9
19434	#CACACA
19435	#CACACA
19436	#CACACA
19437	#CBCBCB
19438	#CDCDCD
19439	#CDCDCD
19440	#CDCDCD
19441	#CDCDCD
19442	#CDCDCD
19443	#CECECE
19444	#CECECE
19445	#CECECE
19446	#CFCFCF
19447	#D0D0D0
19448	#CFCFCF
19449	#CFCFCF
19450	#CFCFCF
19451	#CFCFCF
19452	#CFCFCF
19453	#CFCFCF
19454	#D0D0D0
19455	#D0D0D0
19456	#CDCDCD
19457	#CBCBCB
19458	#CCCCCC
19459	#CCCCCC
19460	#CCCCCC
19461	#CCCCCC
19462	#CDCDCD
19463	#CDCDCD
19464	#CCCCCC
19465	#CDCDCD
19466	#CECECE
19467	#CDCDCD
19468	#CDCDCD
19469	#CBCBCB
19470	#CACACA
19471	#CACACA
19472	#C9C9C9
19473	#C8C8C8
19474	#C7C7C7
19475	#C7C7C7
19476	#C6C6C6
19477	#C4C4C4
19478	#C4C4C4
19479	#C5C5C5
19480	#C5C5C5
19481	#C5C5C5
19482	#C0C0C0
19483	#B8B8B8
19484	#B2B2B2
19485	#B8B8B8
19486	#B8B8B8
19487	#989898
19488	#818181
19489	#787878
19490	#777777
19491	#777777
19492	#767676
19493	#747474
19494	#747474
19495	#747474
19496	#747474
19497	#737373
19498	#8F8F8F
19499	#FFFFFF
19500	#FFFFFF
19501	#FFFFFF
19502	#FFFFFF
19503	#A6A6A6
19504	#757575
19505	#777777
19506	#777777
19507	#777777
19508	#777777
19509	#777777
19510	#777777
19511	#777777
19512	#777777
19513	#777777
19514	#7F7F7F
19515	#969696
19516	#B4B4B4
19517	#BABABA
19518	#B4B4B4
19519	#B4B4B4
19520	#BDBDBD
19521	#C0C0C0
19522	#C2C2C2
19523	#C4C4C4
19524	#C5C5C5
19525	#C6C6C6
19526	#C6C6C6
19527	#C6C6C6
19528	#C6C6C6
19529	#C6C6C6
19530	#C7C7C7
19531	#C8C8C8
19532	#C9C9C9
19533	#CACACA
19534	#CACACA
19535	#CBCBCB
19536	#CCCCCC
19537	#CDCDCD
19538	#CDCDCD
19539	#CDCDCD
19540	#CDCDCD
19541	#CDCDCD
19542	#CECECE
19543	#CECECE
19544	#CECECE
19545	#D0D0D0
19546	#CFCFCF
19547	#CFCFCF
19548	#CFCFCF
19549	#CFCFCF
19550	#CFCFCF
19551	#CFCFCF
19552	#D0D0D0
19553	#D0D0D0
19554	#CFCFCF
19555	#CCCCCC
19556	#CCCCCC
19557	#CCCCCC
19558	#CCCCCC
19559	#CCCCCC
19560	#CDCDCD
19561	#CDCDCD
19562	#CCCCCC
19563	#CCCCCC
19564	#CECECE
19565	#CDCDCD
19566	#CDCDCD
19567	#CCCCCC
19568	#CACACA
19569	#CACACA
19570	#C9C9C9
19571	#C8C8C8
19572	#C7C7C7
19573	#C7C7C7
19574	#C6C6C5
19575	#C5C5AE
19576	#C3C3A2
19577	#C5C59D
19578	#C5C59C
19579	#C5C4A3
19580	#C3CABA
19581	#B9C2BA
19582	#C4A39E
19583	#B6ABC0
19584	#B5A6BB
19585	#BAACA6
19586	#B28686
19587	#A47B7B
19588	#A07877
19589	#7D9E77
19590	#AE9983
19591	#8A87B1
19592	#74A683
19593	#747D82
19594	#7474BE
19595	#7474AE
19596	#7373A0
19597	#CECED7
19598	#FFFFFF
19599	#FFFFFF
19600	#FFFFFF
19601	#FFFFFF
19602	#FFFFFF
19603	#FFFFFF
19604	#FFFFFF
19605	#FFFFFF
19606	#FFFFFF
19607	#FFFFFF
19608	#FFFFFF
19609	#FFFFFF
19610	#FFFFFF
19611	#FFFFFF
19612	#FFFFFF
19613	#FFFFFF
19614	#FFFFFF
19615	#FFFFFF
19616	#FFFFFF
19617	#FFFFFF
19618	#FFFFFF
19619	#FFFFFF
19620	#FFFFFF
19621	#FFFFFF
19622	#FFFFFF
19623	#FFFFFF
19624	#FFFFFF
19625	#FFFFFF
19626	#FFFFFF
19627	#FFFFFF
19628	#FFFFFF
19629	#FFFFFF
19630	#FFFFFF
19631	#FFFFFF
19632	#FFFFFF
19633	#FFFFFF
19634	#FFFFFF
19635	#FFFFFF
19636	#FFFFFF
19637	#FFFFFF
19638	#FFFFFF
19639	#FFFFFF
19640	#FFFFFF
19641	#FFFFFF
19642	#FFFFFF
19643	#FFFFFF
19644	#FFFFFF
19645	#FFFFFF
19646	#FFFFFF
19647	#FFFFFF
19648	#FFFFFF
19649	#FFFFFF
19650	#FFFFFF
19651	#FFFFFF
19652	#FFFFFF
19653	#FFFFFF
19654	#FFFFFF
19655	#FFFFFF
19656	#FFFFFF
19657	#FFFFFF
19658	#FFFFFF
19659	#FFFFFF
19660	#FFFFFF
19661	#FFFFFF
19662	#FFFFFF
19663	#FFFFFF
19664	#FFFFFF
19665	#FFFFFF
19666	#FFFFFF
19667	#FFFFFF
19668	#FFFFFF
19669	#FFFFFF
19670	#FFFFFF
19671	#FFFFFF
19672	#FFFFFF
19673	#FFFFFF
19674	#FFFFFF
19675	#FFFFFF
19676	#FFFFFF
19677	#FFFFFF
19678	#FFFFFF
19679	#FFFFFF
19680	#FFFFFF
19681	#FFFFFF
19682	#FFFFFF
19683	#FFFFFF
19684	#FFFFFF
19685	#FFFFFF
19686	#FFFFFF
19687	#FFFFFF
19688	#FFFFFF
19689	#FFFFFF
19690	#FFFFFF
19691	#FFFFFF
19692	#FFFFFF
19693	#FFFFFF
19694	#FFFFFF
19695	#FFFFFF
19696	#FFFFFF
19697	#FFFFFF
19698	#FFFFFF
19699	#FFFFFF
19700	#FFFFFF
19701	#FFFFFF
19702	#FFFFFF
19703	#FFFFFF
19704	#FFFFFF
19705	#FFFFFF
19706	#FFFFFF
19707	#FFFFFF
19708	#FFFFFF
19709	#FFFFFF
19710	#FFFFFF
19711	#FFFFFF
19712	#FFFFFF
19713	#FFFFFF
19714	#FFFFFF
19715	#FFFFFF
19716	#FFFFFF
19717	#FFFFFF
19718	#FFFFFF
19719	#FFFFFF
19720	#FFFFFF
19721	#FFFFFF
19722	#FFFFFF
19723	#FFFFFF
19724	#FFFFFF
19725	#FFFFFF
19726	#FFFFFF
19727	#FFFFFF
19728	#FFFFFF
19729	#FFFFFF
19730	#FFFFFF
19731	#FFFFFF
19732	#FFFFFF
19733	#FFFFFF
19734	#FFFFFF
19735	#FFFFFF
19736	#FFFFFF
19737	#FFFFFF
19738	#FFFFFF
19739	#FFFFFF
19740	#FFFFFF
19741	#FFFFFF
19742	#FFFFFF
19743	#FFFFFF
19744	#FFFFFF
19745	#FFFFFF
19746	#FFFFFF
19747	#FFFFFF
19748	#FFFFFF
19749	#FFFFFF
19750	#FFFFFF
19751	#FFFFFF
19752	#FFFFFF
19753	#FFFFFF
19754	#FFFFFF
19755	#FFFFFF
19756	#FFFFFF
19757	#FFFFFF
19758	#FFFFFF
19759	#FFFFFF
19760	#FFFFFF
19761	#FFFFFF
19762	#FFFFFF
19763	#FFFFFF
19764	#FFFFFF
19765	#FFFFFF
19766	#FFFFFF
19767	#FFFFFF
19768	#FFFFFF
19769	#FFFFFF
19770	#FFFFFF
19771	#FFFFFF
19772	#FFFFFF
19773	#FFFFFF
19774	#FFFFFF
19775	#FFFFFF
19776	#FFFFFF
19777	#FFFFFF
19778	#FFFFFF
19779	#FFFFFF
19780	#FFFFFF
19781	#FFFFFF
19782	#FFFFFF
19783	#FFFFFF
19784	#FFFFFF
19785	#FFFFFF
19786	#FFFFFF
19787	#FFFFFF
19788	#FFFFFF
19789	#FFFFFF
19790	#FFFFFF
19791	#FFFFFF
19792	#FFFFFF
19793	#FFFFFF
19794	#FFFFFF
19795	#FFFFFF
19796	#FFFFFF
19797	#FFFFFF
19798	#FFFFFF
19799	#FFFFFF
19800	#FFFFFF
19801	#FFFFFF
19802	#FFFFFF
19803	#FFFFFF
19804	#FFFFFF
19805	#FFFFFF
19806	#FFFFFF
19807	#FFFFFF
19808	#FFFFFF
19809	#FFFFFF
19810	#FFFFFF
19811	#FFFFFF
19812	#FFFFFF
19813	#FFFFFF
19814	#FFFFFF
19815	#FFFFFF
19816	#FFFFFF
19817	#FFFFFF
19818	#FFFFFF
19819	#FFFFFF
19820	#FFFFFF
19821	#FFFFFF
19822	#FFFFFF
19823	#FFFFFF
19824	#FFFFFF
19825	#FFFFFF
19826	#FFFFFF
19827	#FFFFFF
19828	#FFFFFF
19829	#FFFFFF
19830	#FFFFFF
19831	#FFFFFF
19832	#FFFFFF
19833	#FFFFFF
19834	#FFFFFF
19835	#FFFFFF
19836	#FFFFFF
19837	#FFFFFF
19838	#FFFFFF
19839	#FFFFFF
19840	#FFFFFF
19841	#FFFFFF
19842	#FFFFFF
19843	#FFFFFF
19844	#FFFFFF
19845	#FFFFFF
19846	#FFFFFF
19847	#FFFFFF
19848	#FFFFFF
19849	#FFFFFF
19850	#FFFFFF
19851	#FFFFFF
19852	#FFFFFF
19853	#FFFFFF
19854	#FFFFFF
19855	#FFFFFF
19856	#FFFFFF
19857	#FFFFFF
19858	#FFFFFF
19859	#FFFFFF
19860	#FFFFFF
19861	#FFFFFF
19862	#FFFFFF
19863	#FFFFFF
19864	#FFFFFF
19865	#FFFFFF
19866	#FFFFFF
19867	#FFFFFF
19868	#FFFFFF
19869	#FFFFFF
19870	#FFFFFF
19871	#FFFFFF
19872	#FFFFFF
19873	#FFFFFF
19874	#FFFFFF
19875	#FFFFFF
19876	#FFFFFF
19877	#FFFFFF
19878	#FFFFFF
19879	#FFFFFF
19880	#FFFFFF
19881	#FFFFFF
19882	#FFFFFF
19883	#FFFFFF
19884	#FFFFFF
19885	#FFFFFF
19886	#FFFFFF
19887	#FFFFFF
19888	#FFFFFF
19889	#FFFFFF
19890	#FFFFFF
19891	#FFFFFF
19892	#FFFFFF
19893	#FFFFFF
19894	#FFFFFF
19895	#FFFFFF
19896	#FFFFFF
19897	#FFFFFF
19898	#FFFFFF
19899	#FFFFFF
19900	#FFFFFF
19901	#FFFFFF
19902	#FFFFFF
19903	#FFFFFF
19904	#FFFFFF
19905	#FFFFFF
19906	#FFFFFF
19907	#FFFFFF
19908	#FFFFFF
19909	#FFFFFF
19910	#FFFFFF
19911	#FFFFFF
19912	#FFFFFF
19913	#FFFFFF
19914	#FFFFFF
19915	#FFFFFF
19916	#FFFFFF
19917	#FFFFFF
19918	#FFFFFF
19919	#FFFFFF
19920	#FFFFFF
19921	#FFFFFF
19922	#FFFFFF
19923	#FFFFFF
19924	#FFFFFF
19925	#FFFFFF
19926	#FFFFFF
19927	#FFFFFF
19928	#FFFFFF
19929	#FFFFFF
19930	#FFFFFF
19931	#FFFFFF
19932	#FFFFFF
19933	#FFFFFF
19934	#FFFFFF
19935	#FFFFFF
19936	#FFFFFF
19937	#FFFFFF
19938	#FFFFFF
19939	#FFFFFF
19940	#FFFFFF
19941	#FFFFFF
19942	#FFFFFF
19943	#FFFFFF
19944	#FFFFFF
19945	#FFFFFF
19946	#FFFFFF
19947	#FFFFFF
19948	#FFFFFF
19949	#FFFFFF
19950	#FFFFFF
19951	#FFFFFF
19952	#FFFFFF
19953	#FFFFFF
19954	#FFFFFF
19955	#FFFFFF
19956	#FFFFFF
19957	#FFFFFF
19958	#FFFFFF
19959	#FFFFFF
19960	#FFFFFF
19961	#FFFFFF
19962	#FFFFFF
19963	#FFFFFF
19964	#FFFFFF
19965	#FFFFFF
19966	#FFFFFF
19967	#FFFFFF
19968	#FFFFFF
19969	#FFFFFF
19970	#FFFFFF
19971	#FFFFFF
19972	#FFFFFF
19973	#FFFFFF
19974	#FFFFFF
19975	#FFFFFF
19976	#FFFFFF
19977	#FFFFFF
19978	#FFFFFF
19979	#FFFFFF
19980	#FFFFFF
19981	#FFFFFF
19982	#FFFFFF
19983	#FFFFFF
19984	#FFFFFF
19985	#FFFFFF
19986	#FFFFFF
19987	#FFFFFF
19988	#FFFFFF
19989	#FFFFFF
19990	#FFFFFF
19991	#FFFFFF
19992	#FFFFFF
19993	#FFFFFF
19994	#FFFFFF
19995	#FFFFFF
19996	#FFFFFF
19997	#FFFFFF
19998	#FFFFFF
19999	#FFFFFF
20000	#FFFFFF
20001	#FFFFFF
20002	#FFFFFF
20003	#FFFFFF
20004	#FFFFFF
20005	#FFFFFF
20006	#FFFFFF
20007	#FFFFFF
20008	#FFFFFF
20009	#FFFFFF
20010	#FFFFFF
20011	#FFFFFF
20012	#FFFFFF
20013	#FFFFFF
20014	#FFFFFF
20015	#FFFFFF
20016	#FFFFFF
20017	#FFFFFF
20018	#FFFFFF
20019	#FFFFFF
20020	#FFFFFF
20021	#FFFFFF
20022	#FFFFFF
20023	#FFFFFF
20024	#FFFFFF
20025	#FFFFFF
20026	#FFFFFF
20027	#FFFFFF
20028	#FFFFFF
20029	#FFFFFF
20030	#FFFFFF
20031	#FFFFFF
20032	#FFFFFF
20033	#FFFFFF
20034	#FFFFFF
20035	#FFFFFF
20036	#FFFFFF
20037	#FFFFFF
20038	#FFFFFF
20039	#FFFFFF
20040	#FFFFFF
20041	#FFFFFF
20042	#FFFFFF
20043	#FFFFFF
20044	#FFFFFF
20045	#FFFFFF
20046	#FFFFFF
20047	#FFFFFF
20048	#FFFFFF
20049	#FFFFFF
20050	#FFFFFF
20051	#FFFFFF
20052	#FFFFFF
20053	#FFFFFF
20054	#FFFFFF
20055	#FFFFFF
20056	#FFFFFF
20057	#FFFFFF
20058	#FFFFFF
20059	#FFFFFF
20060	#FFFFFF
20061	#FFFFFF
20062	#FFFFFF
20063	#FFFFFF
20064	#FFFFFF
20065	#FFFFFF
20066	#FFFFFF
20067	#FFFFFF
20068	#FFFFFF
20069	#FFFFFF
20070	#FFFFFF
20071	#FFFFFF
20072	#FFFFFF
20073	#FFFFFF
20074	#FFFFFF
20075	#FFFFFF
20076	#FFFFFF
20077	#FFFFFF
20078	#FFFFFF
20079	#FFFFFF
20080	#FFFFFF
20081	#FFFFFF
20082	#FFFFFF
20083	#FFFFFF
20084	#FFFFFF
20085	#FFFFFF
20086	#FFFFFF
20087	#FFFFFF
20088	#FFFFFF
20089	#FFFFFF
20090	#FFFFFF
20091	#FFFFFF
20092	#FFFFFF
20093	#FFFFFF
20094	#FFFFFF
20095	#FFFFFF
20096	#FFFFFF
20097	#FFFFFF
20098	#FFFFFF
20099	#FFFFFF
20100	#FFFFFF
20101	#FFFFFF
20102	#FFFFFF
20103	#FFFFFF
20104	#FFFFFF
20105	#FFFFFF
20106	#FFFFFF
20107	#FFFFFF
20108	#FFFFFF
20109	#FFFFFF
20110	#FFFFFF
20111	#FFFFFF
20112	#FFFFFF
20113	#FFFFFF
20114	#FFFFFF
20115	#FFFFFF
20116	#FFFFFF
20117	#FFFFFF
20118	#FFFFFF
20119	#FFFFFF
20120	#FFFFFF
20121	#FFFFFF
20122	#FFFFFF
20123	#FFFFFF
20124	#FFFFFF
20125	#FFFFFF
20126	#FFFFFF
20127	#FFFFFF
20128	#FFFFFF
20129	#FFFFFF
20130	#FFFFFF
20131	#FFFFFF
20132	#FFFFFF
20133	#FFFFFF
20134	#FFFFFF
20135	#FFFFFF
20136	#FFFFFF
20137	#FFFFFF
20138	#FFFFFF
20139	#FFFFFF
20140	#FFFFFF
20141	#FFFFFF
20142	#FFFFFF
20143	#FFFFFF
20144	#FFFFFF
20145	#FFFFFF
20146	#FFFFFF
20147	#FFFFFF
20148	#FFFFFF
20149	#FFFFFF
20150	#FFFFFF
20151	#FFFFFF
20152	#FFFFFF
20153	#FFFFFF
20154	#FFFFFF
20155	#FFFFFF
20156	#FFFFFF
20157	#FFFFFF
20158	#FFFFFF
20159	#FFFFFF
20160	#FFFFFF
20161	#FFFFFF
20162	#FFFFFF
20163	#FFFFFF
20164	#FFFFFF
20165	#FFFFFF
20166	#FFFFFF
20167	#FFFFFF
20168	#FFFFFF
20169	#FFFFFF
20170	#FFFFFF
20171	#FFFFFF
20172	#FFFFFF
20173	#FFFFFF
20174	#FFFFFF
20175	#FFFFFF
20176	#FFFFFF
20177	#FFFFFF
20178	#FFFFFF
20179	#FFFFFF
20180	#FFFFFF
20181	#FFFFFF
20182	#FFFFFF
20183	#FFFFFF
20184	#FFFFFF
20185	#FFFFFF
20186	#FFFFFF
20187	#FFFFFF
20188	#FFFFFF
20189	#FFFFFF
20190	#FFFFFF
20191	#FFFFFF
20192	#FFFFFF
20193	#FFFFFF
20194	#FFFFFF
20195	#FFFFFF
20196	#FFFFFF
20197	#FFFFFF
20198	#FFFFFF
20199	#FFFFFF
20200	#FFFFFF
20201	#FFFFFF
20202	#FFFFFF
20203	#FFFFFF
20204	#FFFFFF
20205	#FFFFFF
20206	#FFFFFF
20207	#FFFFFF
20208	#FFFFFF
20209	#FFFFFF
20210	#FFFFFF
20211	#FFFFFF
20212	#FFFFFF
20213	#FFFFFF
20214	#FFFFFF
20215	#FFFFFF
20216	#FFFFFF
20217	#FFFFFF
20218	#FFFFFF
20219	#FFFFFF
20220	#FFFFFF
20221	#FFFFFF
20222	#FFFFFF
20223	#FFFFFF
20224	#FFFFFF
20225	#FFFFFF
20226	#FFFFFF
20227	#FFFFFF
20228	#FFFFFF
20229	#FFFFFF
20230	#FFFFFF
20231	#FFFFFF
20232	#FFFFFF
20233	#FFFFFF
20234	#FFFFFF
20235	#FFFFFF
20236	#FFFFFF
20237	#FFFFFF
20238	#FFFFFF
20239	#FFFFFF
20240	#FFFFFF
20241	#FFFFFF
20242	#FFFFFF
20243	#FFFFFF
20244	#FFFFFF
20245	#FFFFFF
20246	#FFFFFF
20247	#FFFFFF
20248	#FFFFFF
20249	#FFFFFF
20250	#FFFFFF
20251	#FFFFFF
20252	#FFFFFF
20253	#FFFFFF
20254	#FFFFFF
20255	#FFFFFF
20256	#FFFFFF
20257	#FFFFFF
20258	#FFFFFF
20259	#FFFFFF
20260	#FFFFFF
20261	#FFFFFF
20262	#FFFFFF
20263	#FFFFFF
20264	#FFFFFF
20265	#FFFFFF
20266	#FFFFFF
20267	#FFFFFF
20268	#FFFFFF
20269	#FFFFFF
20270	#FFFFFF
20271	#FFFFFF
20272	#FFFFFF
20273	#FFFFFF
20274	#FFFFFF
20275	#FFFFFF
20276	#FFFFFF
20277	#FFFFFF
20278	#FFFFFF
20279	#FFFFFF
20280	#FFFFFF
20281	#FFFFFF
20282	#FFFFFF
20283	#FFFFFF
20284	#FFFFFF
20285	#FFFFFF
20286	#FFFFFF
20287	#FFFFFF
20288	#FFFFFF
20289	#FFFFFF
20290	#FFFFFF
20291	#FFFFFF
20292	#FFFFFF
20293	#FFFFFF
20294	#FFFFFF
20295	#FFFFFF
20296	#FFFFFF
20297	#FFFFFF
20298	#FFFFFF
20299	#FFFFFF
20300	#FFFFFF
20301	#FFFFFF
20302	#FFFFFF
20303	#FFFFFF
20304	#FFFFFF
20305	#FFFFFF
20306	#FFFFFF
20307	#FFFFFF
20308	#FFFFFF
20309	#FFFFFF
20310	#FFFFFF
20311	#FFFFFF
20312	#FFFFFF
20313	#FFFFFF
20314	#FFFFFF
20315	#FFFFFF
20316	#FFFFFF
20317	#FFFFFF
20318	#FFFFFF
20319	#FFFFFF
20320	#FFFFFF
20321	#FFFFFF
20322	#FFFFFF
20323	#FFFFFF
20324	#FFFFFF
20325	#FFFFFF
20326	#FFFFFF
20327	#FFFFFF
20328	#FFFFFF
20329	#FFFFFF
20330	#FFFFFF
20331	#FFFFFF
20332	#FFFFFF
20333	#FFFFFF
20334	#FFFFFF
20335	#FFFFFF
20336	#FFFFFF
20337	#FFFFFF
20338	#FFFFFF
20339	#FFFFFF
20340	#FFFFFF
20341	#FFFFFF
20342	#FFFFFF
20343	#FFFFFF
20344	#FFFFFF
20345	#FFFFFF
20346	#FFFFFF
20347	#FFFFFF
20348	#FFFFFF
20349	#FFFFFF
20350	#FFFFFF
20351	#FFFFFF
20352	#FFFFFF
20353	#FFFFFF
20354	#FFFFFF
20355	#FFFFFF
20356	#FFFFFF
20357	#FFFFFF
20358	#FFFFFF
20359	#FFFFFF
20360	#FFFFFF
20361	#FFFFFF
20362	#FFFFFF
20363	#FFFFFF
20364	#FFFFFF
20365	#FFFFFF
20366	#FFFFFF
20367	#FFFFFF
20368	#FFFFFF
20369	#FFFFFF
20370	#FFFFFF
20371	#FFFFFF
20372	#FFFFFF
20373	#FFFFFF
20374	#FFFFFF
20375	#FFFFFF
20376	#FFFFFF
20377	#FFFFFF
20378	#FFFFFF
20379	#FFFFFF
20380	#FFFFFF
20381	#FFFFFF
20382	#FFFFFF
20383	#FFFFFF
20384	#FFFFFF
20385	#FFFFFF
20386	#FFFFFF
20387	#FFFFFF
20388	#FFFFFF
20389	#FFFFFF
20390	#FFFFFF
20391	#FFFFFF
20392	#FFFFFF
20393	#FFFFFF
20394	#FFFFFF
20395	#FFFFFF
20396	#FFFFFF
20397	#FFFFFF
20398	#FFFFFF
20399	#FFFFFF
20400	#FFFFFF
20401	#FFFFFF
20402	#FFFFFF
20403	#FFFFFF
20404	#FFFFFF
20405	#FFFFFF
20406	#FFFFFF
20407	#FFFFFF
20408	#FFFFFF
20409	#FFFFFF
20410	#FFFFFF
20411	#FFFFFF
20412	#FFFFFF
20413	#FFFFFF
20414	#FFFFFF
20415	#FFFFFF
20416	#FFFFFF
20417	#FFFFFF
20418	#FFFFFF
20419	#FFFFFF
20420	#FFFFFF
20421	#FFFFFF
20422	#FFFFFF
20423	#FFFFFF
20424	#FFFFFF
20425	#FFFFFF
20426	#DFDFDF
20427	#FAFAFA
20428	#DCDCDC
20429	#FFFFFF
20430	#FFFFFF
20431	#FFFFFF
20432	#FFFFFF
20433	#FFFFFF
20434	#E8E8E8
20435	#FFFFFF
20436	#FFFFFF
20437	#FFFFFF
20438	#FFFFFF
20439	#FFFFFF
20440	#FFFFFF
20441	#FFFFFF
20442	#FFFFFF
20443	#FFFFFF
20444	#FFFFFF
20445	#FCFCFC
20446	#E2E2E2
20447	#D5D5D5
20448	#C6C6C6
20449	#FAFAFA
20450	#FFFFFF
20451	#C4C4C4
20452	#BFBFBF
20453	#EEEEEE
20454	#FFFFFF
20455	#CFCFCF
20456	#EAEAEA
20457	#CFCFCF
20458	#E9E9E9
20459	#FFFFFF
20460	#FFFFFF
20461	#FFFFFF
20462	#FFFFFF
20463	#FFFFFF
20464	#FFFFFF
20465	#FFFFFF
20466	#E7E7E7
20467	#E8E8E8
20468	#FEFEFE
20469	#FFFFFF
20470	#FFFFFF
20471	#FFFFFF
20472	#EBEBEB
20473	#ECECEC
20474	#FFFFFF
20475	#FFFFFF
20476	#E0E0E0
20477	#FDFDFD
20478	#FFFFFF
20479	#FFFFFF
20480	#FFFFFF
20481	#FFFFFF
20482	#FFFFFF
20483	#FFFFFF
20484	#FFFFFF
20485	#FFFFFF
20486	#FFFFFF
20487	#FFFFFF
20488	#FFFFFF
20489	#FFFFFF
20490	#FFFFFF
20491	#FFFFFF
20492	#FFFFFF
20493	#FFFFFF
20494	#FFFFFF
20495	#FFFFFF
20496	#FFFFFF
20497	#FFFFFF
20498	#FFFFFF
20499	#FFFFFF
20500	#FFFFFF
20501	#FFFFFF
20502	#FFFFFF
20503	#FFFFFF
20504	#FFFFFF
20505	#FFFFFF
20506	#FFFFFF
20507	#FFFFFF
20508	#FFFFFF
20509	#FFFFFF
20510	#FFFFFF
20511	#FFFFFF
20512	#FFFFFF
20513	#FFFFFF
20514	#FFFFFF
20515	#FFFFFF
20516	#FFFFFF
20517	#FFFFFF
20518	#FFFFFF
20519	#FFFFFF
20520	#FFFFFF
20521	#FFFFFF
20522	#FFFFFF
20523	#FFFFFF
20524	#FFFFFF
20525	#ECECEC
20526	#B7B7B7
20527	#DDDDDD
20528	#FFFFFF
20529	#FFFFFF
20530	#FFFFFF
20531	#FBFBFB
20532	#EBEBEB
20533	#FFFFFF
20534	#FFFFFF
20535	#FFFFFF
20536	#FEFEFE
20537	#EFEFEF
20538	#F4F4F4
20539	#FFFFFF
20540	#FFFFFF
20541	#FFFFFF
20542	#F9F9F9
20543	#DFDFDF
20544	#FFFFFF
20545	#EEEEEE
20546	#BDBDBD
20547	#DBDBDB
20548	#FFFFFF
20549	#FFFFFF
20550	#E2E2E2
20551	#F8F8F8
20552	#FFFFFF
20553	#FFFFFF
20554	#FFFFFF
20555	#FFFFFF
20556	#FFFFFF
20557	#FFFFFF
20558	#FFFFFF
20559	#FFFFFF
20560	#FFFFFF
20561	#FFFFFF
20562	#FFFFFF
20563	#FFFFFF
20564	#FFFFFF
20565	#F5F5F5
20566	#E5E5E5
20567	#D0D0D0
20568	#CFCFCF
20569	#FEFEFE
20570	#F8F8F8
20571	#BBBBBB
20572	#C6C6C6
20573	#F1F1F1
20574	#E4E4E4
20575	#FFFFFF
20576	#FFFFFF
20577	#FFFFFF
20578	#FFFFFF
20579	#FFFFFF
20580	#FFFFFF
20581	#FFFFFF
20582	#FFFFFF
20583	#FFFFFF
20584	#FFFFFF
20585	#FFFFFF
20586	#FFFFFF
20587	#FFFFFF
20588	#FFFFFF
20589	#FFFFFF
20590	#FFFFFF
20591	#FFFFFF
20592	#FFFFFF
20593	#FFFFFF
20594	#FFFFFF
20595	#FFFFFF
20596	#FFFFFF
20597	#FFFFFF
20598	#FFFFFF
20599	#FFFFFF
20600	#FFFFFF
20601	#FFFFFF
20602	#FFFFFF
20603	#FFFFFF
20604	#FFFFFF
20605	#FFFFFF
20606	#FFFFFF
20607	#FFFFFF
20608	#FFFFFF
20609	#FFFFFF
20610	#FFFFFF
20611	#FFFFFF
20612	#FFFFFF
20613	#FFFFFF
20614	#FFFFFF
20615	#FFFFFF
20616	#FFFFFF
20617	#FFFFFF
20618	#FFFFFF
20619	#FFFFFF
20620	#FFFFFF
20621	#FFFFFF
20622	#FFFFFF
20623	#FFFFFF
20624	#FFFFFF
20625	#FFFFFF
20626	#A5A5A5
20627	#BEBEBE
20628	#939393
20629	#C5C5C5
20630	#9F9F9F
20631	#D8D8D8
20632	#AAAAAA
20633	#BEBEBE
20634	#858585
20635	#C1C1C1
20636	#A1A1A1
20637	#A6A6A6
20638	#AFAFAF
20639	#E2E2E2
20640	#9E9E9E
20641	#D0D0D0
20642	#A4A4A4
20643	#B1B1B1
20644	#F9F9F9
20645	#DADADA
20646	#BEBEBE
20647	#F1F1F1
20648	#9C9C9C
20649	#E0E0E0
20650	#F8F8F8
20651	#999999
20652	#DFDFDF
20653	#9D9D9D
20654	#FFFFFF
20655	#969696
20656	#9B9B9B
20657	#787878
20658	#C6C6C6
20659	#A8A8A8
20660	#C6C6C6
20661	#BDBDBD
20662	#A3A3A3
20663	#BFBFBF
20664	#A0A0A0
20665	#C2C2C2
20666	#BABABA
20667	#838383
20668	#BCBCBC
20669	#D8D8D8
20670	#C9C9C9
20671	#C0C0C0
20672	#909090
20673	#B6B6B6
20674	#A7A7A7
20675	#BCBCBC
20676	#BCBCBC
20677	#DFDFDF
20678	#FFFFFF
20679	#FFFFFF
20680	#FFFFFF
20681	#FFFFFF
20682	#FFFFFF
20683	#FFFFFF
20684	#FFFFFF
20685	#FFFFFF
20686	#FFFFFF
20687	#FFFFFF
20688	#FFFFFF
20689	#FFFFFF
20690	#FFFFFF
20691	#FFFFFF
20692	#FFFFFF
20693	#FFFFFF
20694	#FFFFFF
20695	#FFFFFF
20696	#FFFFFF
20697	#FFFFFF
20698	#FFFFFF
20699	#FFFFFF
20700	#FFFFFF
20701	#FFFFFF
20702	#FFFFFF
20703	#FFFFFF
20704	#FFFFFF
20705	#FFFFFF
20706	#FFFFFF
20707	#FFFFFF
20708	#FFFFFF
20709	#FFFFFF
20710	#FFFFFF
20711	#FFFFFF
20712	#FFFFFF
20713	#FFFFFF
20714	#FFFFFF
20715	#FFFFFF
20716	#FFFFFF
20717	#FFFFFF
20718	#FFFFFF
20719	#FFFFFF
20720	#FFFFFF
20721	#FFFFFF
20722	#FFFFFF
20723	#FFFFFF
20724	#FFFFFF
20725	#CCCCCC
20726	#969696
20727	#8C8C8C
20728	#A3A3A3
20729	#BCBCBC
20730	#A9A9A9
20731	#C3C3C3
20732	#C1C1C1
20733	#B1B1B1
20734	#ADADAD
20735	#C9C9C9
20736	#B9B9B9
20737	#A0A0A0
20738	#A9A9A9
20739	#B8B8B8
20740	#A6A6A6
20741	#CBCBCB
20742	#A0A0A0
20743	#9F9F9F
20744	#FFFFFF
20745	#9E9E9E
20746	#E0E0E0
20747	#E8E8E8
20748	#B3B3B3
20749	#B3B3B3
20750	#ADADAD
20751	#BFBFBF
20752	#A8A8A8
20753	#C8C8C8
20754	#A6A6A6
20755	#B1B1B1
20756	#A2A2A2
20757	#A7A7A7
20758	#BABABA
20759	#D9D9D9
20760	#9E9E9E
20761	#D0D0D0
20762	#A0A0A0
20763	#BDBDBD
20764	#FFFFFF
20765	#C2C2C2
20766	#D8D8D8
20767	#D7D7D7
20768	#8A8A8A
20769	#F4F4F4
20770	#E2E2E2
20771	#A6A6A6
20772	#CDCDCD
20773	#B1B1B1
20774	#AEAEAE
20775	#FAFAFA
20776	#FFFFFF
20777	#FFFFFF
20778	#FFFFFF
20779	#FFFFFF
20780	#FFFFFF
20781	#FFFFFF
20782	#FFFFFF
20783	#FFFFFF
20784	#FFFFFF
20785	#FFFFFF
20786	#FFFFFF
20787	#FFFFFF
20788	#FFFFFF
20789	#FFFFFF
20790	#FFFFFF
20791	#FFFFFF
20792	#FFFFFF
20793	#FFFFFF
20794	#FFFFFF
20795	#FFFFFF
20796	#FFFFFF
20797	#FFFFFF
20798	#FFFFFF
20799	#FFFFFF
20800	#FFFFFF
20801	#FFFFFF
20802	#FFFFFF
20803	#FFFFFF
20804	#FFFFFF
20805	#FFFFFF
20806	#FFFFFF
20807	#FFFFFF
20808	#FFFFFF
20809	#FFFFFF
20810	#FFFFFF
20811	#FFFFFF
20812	#FFFFFF
20813	#FFFFFF
20814	#FFFFFF
20815	#FFFFFF
20816	#FFFFFF
20817	#FFFFFF
20818	#FFFFFF
20819	#FFFFFF
20820	#FFFFFF
20821	#FFFFFF
20822	#FFFFFF
20823	#FFFFFF
20824	#FFFFFF
20825	#FFFFFF
20826	#A6A6A6
20827	#C3C3C3
20828	#969696
20829	#8B8B8B
20830	#999999
20831	#ACACAC
20832	#8D8D8D
20833	#898989
20834	#A9A9A9
20835	#C3C3C3
20836	#B9B9B9
20837	#A7A7A7
20838	#B6B6B6
20839	#A1A1A1
20840	#858585
20841	#959595
20842	#A0A0A0
20843	#A4A4A4
20844	#ECECEC
20845	#CECECE
20846	#CDCDCD
20847	#C9C9C9
20848	#A6A6A6
20849	#E3E3E3
20850	#CACACA
20851	#9A9A9A
20852	#DDDDDD
20853	#9E9E9E
20854	#FFFFFF
20855	#AEAEAE
20856	#969696
20857	#9A9A9A
20858	#A9A9A9
20859	#8E8E8E
20860	#848484
20861	#A8A8A8
20862	#AAAAAA
20863	#9A9A9A
20864	#C3C3C3
20865	#A2A2A2
20866	#A5A5A5
20867	#A5A5A5
20868	#C7C7C7
20869	#ACACAC
20870	#979797
20871	#9E9E9E
20872	#B0B0B0
20873	#929292
20874	#858585
20875	#AFAFAF
20876	#C3C3C3
20877	#D1D1D1
20878	#FFFFFF
20879	#FFFFFF
20880	#FFFFFF
20881	#FFFFFF
20882	#FFFFFF
20883	#FFFFFF
20884	#FFFFFF
20885	#FFFFFF
20886	#FFFFFF
20887	#FFFFFF
20888	#FFFFFF
20889	#FFFFFF
20890	#FFFFFF
20891	#FFFFFF
20892	#FFFFFF
20893	#FFFFFF
20894	#FFFFFF
20895	#FFFFFF
20896	#FFFFFF
20897	#FFFFFF
20898	#FFFFFF
20899	#FFFFFF
20900	#FFFFFF
20901	#FFFFFF
20902	#FFFFFF
20903	#FFFFFF
20904	#FFFFFF
20905	#FFFFFF
20906	#FFFFFF
20907	#FFFFFF
20908	#FFFFFF
20909	#FFFFFF
20910	#FFFFFF
20911	#FFFFFF
20912	#FFFFFF
20913	#FFFFFF
20914	#FFFFFF
20915	#FFFFFF
20916	#FFFFFF
20917	#FFFFFF
20918	#FFFFFF
20919	#FFFFFF
20920	#FFFFFF
20921	#FFFFFF
20922	#FFFFFF
20923	#FFFFFF
20924	#FFFFFF
20925	#CCCCCC
20926	#9A9A9A
20927	#D8D8D8
20928	#ACACAC
20929	#B1B1B1
20930	#BBBBBB
20931	#979797
20932	#A2A2A2
20933	#808080
20934	#A2A2A2
20935	#969696
20936	#E2E2E2
20937	#BEBEBE
20938	#C2C2C2
20939	#828282
20940	#9E9E9E
20941	#999999
20942	#B8B8B8
20943	#A0A0A0
20944	#FFFFFF
20945	#9E9E9E
20946	#E0E0E0
20947	#DCDCDC
20948	#A1A1A1
20949	#ABABAB
20950	#9C9C9C
20951	#989898
20952	#BDBDBD
20953	#939393
20954	#B1B1B1
20955	#BABABA
20956	#BDBDBD
20957	#B0B0B0
20958	#A9A9A9
20959	#A1A1A1
20960	#7D7D7D
20961	#9C9C9C
20962	#AAAAAA
20963	#9F9F9F
20964	#FEFEFE
20965	#B4B4B4
20966	#E2E2E2
20967	#E1E1E1
20968	#999999
20969	#CACACA
20970	#C3C3C3
20971	#A7A7A7
20972	#CBCBCB
20973	#B8B8B8
20974	#ADADAD
20975	#F4F4F4
20976	#FFFFFF
20977	#FFFFFF
20978	#FFFFFF
20979	#FFFFFF
20980	#FFFFFF
20981	#FFFFFF
20982	#FFFFFF
20983	#FFFFFF
20984	#FFFFFF
20985	#FFFFFF
20986	#FFFFFF
20987	#FFFFFF
20988	#FFFFFF
20989	#FFFFFF
20990	#FFFFFF
20991	#FFFFFF
20992	#FFFFFF
20993	#FFFFFF
20994	#FFFFFF
20995	#FFFFFF
20996	#FFFFFF
20997	#FFFFFF
20998	#FFFFFF
20999	#FFFFFF
21000	#FFFFFF
21001	#FFFFFF
21002	#FFFFFF
21003	#FFFFFF
21004	#FFFFFF
21005	#FFFFFF
21006	#FFFFFF
21007	#FFFFFF
21008	#FFFFFF
21009	#FFFFFF
21010	#FFFFFF
21011	#FFFFFF
21012	#FFFFFF
21013	#FFFFFF
21014	#FFFFFF
21015	#FFFFFF
21016	#FFFFFF
21017	#FFFFFF
21018	#FFFFFF
21019	#FFFFFF
21020	#FFFFFF
21021	#FFFFFF
21022	#FFFFFF
21023	#FFFFFF
21024	#FFFFFF
21025	#FFFFFF
21026	#E8E9E6
21027	#FFFFFF
21028	#E7E8E5
21029	#EDEFEB
21030	#CFD0CD
21031	#EDEEEB
21032	#CBCDCA
21033	#DDDEDB
21034	#DEDFDC
21035	#DADBD8
21036	#F2F3F0
21037	#E9EBE7
21038	#EEEFEC
21039	#E1E2DF
21040	#CACBC8
21041	#D7D8D5
21042	#9FA09D
21043	#D5D7D3
21044	#FFFFFF
21045	#F6F7F4
21046	#CBCDC9
21047	#CBCDC9
21048	#CACBC8
21049	#FFFFFE
21050	#FFFFFF
21051	#CDCFCC
21052	#C8C9C6
21053	#F6F8F4
21054	#FFFFFF
21055	#E7E8E5
21056	#FFFFFF
21057	#F3F5F1
21058	#E5E6E3
21059	#CCCDCA
21060	#DFE0DD
21061	#C1C2BF
21062	#838481
21063	#DCDDDA
21064	#F3F4F1
21065	#E6E7E4
21066	#E8E9E6
21067	#DEDFDC
21068	#E2E4E0
21069	#CDCECB
21070	#D7D8D5
21071	#E6E7E4
21072	#C5C6C3
21073	#EFF0ED
21074	#D4D5D2
21075	#E6E7E4
21076	#C9CAC7
21077	#F9FAF7
21078	#FFFFFF
21079	#FFFFFF
21080	#FFFFFF
21081	#FFFFFF
21082	#FFFFFF
21083	#FFFFFF
21084	#FFFFFF
21085	#FFFFFF
21086	#FFFFFF
21087	#FFFFFF
21088	#FFFFFF
21089	#FFFFFF
21090	#FFFFFF
21091	#FFFFFF
21092	#FFFFFF
21093	#FFFFFF
21094	#FFFFFF
21095	#FFFFFF
21096	#FFFFFF
21097	#FFFFFF
21098	#FFFFFF
21099	#FFFFFF
21100	#FFFFFF
21101	#FFFFFF
21102	#FFFFFF
21103	#FFFFFF
21104	#FFFFFF
21105	#FFFFFF
21106	#FFFFFF
21107	#FFFFFF
21108	#FFFFFF
21109	#FFFFFF
21110	#FFFFFF
21111	#FFFFFF
21112	#FFFFFF
21113	#FFFFFF
21114	#FFFFFF
21115	#FFFFFF
21116	#FFFFFF
21117	#FFFFFF
21118	#FFFFFF
21119	#FFFFFF
21120	#FFFFFF
21121	#FFFFFF
21122	#FFFFFF
21123	#FFFFFF
21124	#FFFFFF
21125	#F6F6F6
21126	#F7F7F7
21127	#FFFFFF
21128	#EDEDED
21129	#FAFAFA
21130	#C9C9C9
21131	#D1D1D1
21132	#C5C5C5
21133	#E0E0E0
21134	#DDDDDD
21135	#F3F3F3
21136	#CFCFCF
21137	#EFEFEF
21138	#DADADA
21139	#E6E6E6
21140	#D7D7D7
21141	#F6F6F6
21142	#C9C9C9
21143	#E3E3E3
21144	#FFFFFF
21145	#F9F9F9
21146	#C9C9C9
21147	#E8E8E8
21148	#DDDDDD
21149	#D9D9D9
21150	#EEEEEE
21151	#F0F0F0
21152	#CACACA
21153	#EFEFEF
21154	#F0F0F0
21155	#F2F2F2
21156	#F4F4F4
21157	#F0F0F0
21158	#ECECEC
21159	#DFDFDF
21160	#CECECE
21161	#CECECE
21162	#A8A8A8
21163	#E4E4E4
21164	#FFFFFF
21165	#E6E6E6
21166	#D9D9D9
21167	#D6D6D6
21168	#DBDBDB
21169	#FFFFFF
21170	#FFFFFF
21171	#C7C7C7
21172	#D2D2D2
21173	#FBFBFB
21174	#C7C7C7
21175	#FFFFFF
21176	#FFFFFF
21177	#FFFFFF
21178	#FFFFFF
21179	#FFFFFF
21180	#FFFFFF
21181	#FFFFFF
21182	#FFFFFF
21183	#FFFFFF
21184	#FFFFFF
21185	#FFFFFF
21186	#FFFFFF
21187	#FFFFFF
21188	#FFFFFF
21189	#FFFFFF
21190	#FFFFFF
21191	#FFFFFF
21192	#FFFFFF
21193	#FFFFFF
21194	#FFFFFF
21195	#FFFFFF
21196	#FFFFFF
21197	#FFFFFF
21198	#FFFFFF
21199	#FFFFFF
21200	#FFFFFF
21201	#FFFFFF
21202	#FFFFFF
21203	#FFFFFF
21204	#F3F3F3
21205	#9084A2
21206	#8A7CA0
21207	#8B7DA0
21208	#8B7DA0
21209	#8B7DA0
21210	#8B7DA0
21211	#8B7DA0
21212	#8B7DA0
21213	#8B7DA0
21214	#8B7DA0
21215	#8B7DA0
21216	#8B7DA0
21217	#8B7DA0
21218	#8B7DA0
21219	#8B7DA0
21220	#8B7DA0
21221	#8B7DA0
21222	#8B7DA0
21223	#8B7DA0
21224	#8B7DA0
21225	#8B7DA0
21226	#8E80A3
21227	#8C7EA1
21228	#8E80A3
21229	#8E80A3
21230	#9082A5
21231	#8E80A3
21232	#9183A6
21233	#8F81A4
21234	#8F81A4
21235	#8F81A4
21236	#8D7FA2
21237	#8E80A3
21238	#8E7FA3
21239	#8F81A4
21240	#9183A6
21241	#8B7DA0
21242	#847699
21243	#9082A5
21244	#8B7DA0
21245	#8C7EA1
21246	#887A9D
21247	#9082A5
21248	#9082A5
21249	#8C7EA1
21250	#8B7DA0
21251	#9082A5
21252	#9182A6
21253	#8D7FA2
21254	#8B7DA0
21255	#8E80A3
21256	#8C7EA1
21257	#8D7FA2
21258	#8E80A4
21259	#9183A6
21260	#8F81A4
21261	#7C6E91
21262	#78698D
21263	#8E80A3
21264	#8D7FA2
21265	#8E81A4
21266	#8E81A4
21267	#8F82A5
21268	#8E81A4
21269	#9083A6
21270	#9082A5
21271	#8E81A4
21272	#9183A6
21273	#8E80A3
21274	#9082A5
21275	#8E80A3
21276	#887A9D
21277	#8C7EA1
21278	#8B7DA0
21279	#8B7DA0
21280	#8B7DA0
21281	#8B7DA0
21282	#8B7DA0
21283	#8B7DA0
21284	#8B7DA0
21285	#8B7DA0
21286	#8B7DA0
21287	#8B7DA0
21288	#8B7DA0
21289	#8B7DA0
21290	#8B7DA0
21291	#8B7DA0
21292	#8B7DA0
21293	#8B7DA0
21294	#8B7DA0
21295	#8B7DA0
21296	#8B7DA0
21297	#887A9E
21298	#9E94AC
21299	#FEFEFD
21300	#FFFFFF
21301	#FFFFFF
21302	#FFFFFF
21303	#A0A0A0
21304	#6C6C6C
21305	#6C6C6C
21306	#6C6C6C
21307	#6C6C6C
21308	#6C6C6C
21309	#6C6C6C
21310	#6C6C6C
21311	#6C6C6C
21312	#6C6C6C
21313	#6C6C6C
21314	#6C6C6C
21315	#6C6C6C
21316	#6C6C6C
21317	#6C6C6C
21318	#6C6C6C
21319	#6C6C6C
21320	#6C6C6C
21321	#6C6C6C
21322	#6C6C6C
21323	#6C6C6C
21324	#6C6C6C
21325	#6E6E6E
21326	#6E6E6E
21327	#6C6C6C
21328	#6F6F6F
21329	#6E6E6E
21330	#727272
21331	#616161
21332	#646464
21333	#707070
21334	#707070
21335	#6F6F6F
21336	#717171
21337	#6F6F6F
21338	#707070
21339	#707070
21340	#717171
21341	#6E6E6E
21342	#727272
21343	#707070
21344	#6C6C6C
21345	#6E6E6E
21346	#727272
21347	#6F6F6F
21348	#707070
21349	#717171
21350	#6F6F6F
21351	#6F6F6F
21352	#727272
21353	#6F6F6F
21354	#6F6F6F
21355	#6E6E6E
21356	#6E6E6E
21357	#6F6F6F
21358	#6F6F6F
21359	#707070
21360	#727272
21361	#686868
21362	#686868
21363	#707070
21364	#6C6C6C
21365	#6D6D6D
21366	#696969
21367	#707070
21368	#717171
21369	#6C6C6C
21370	#6D6D6D
21371	#727272
21372	#717171
21373	#6B6B6B
21374	#6B6B6B
21375	#6C6C6C
21376	#6C6C6C
21377	#6C6C6C
21378	#6C6C6C
21379	#6C6C6C
21380	#6C6C6C
21381	#6C6C6C
21382	#6C6C6C
21383	#6C6C6C
21384	#6C6C6C
21385	#6C6C6C
21386	#6C6C6C
21387	#6C6C6C
21388	#6C6C6C
21389	#6C6C6C
21390	#6C6C6C
21391	#6C6C6C
21392	#6C6C6C
21393	#6C6C6C
21394	#6C6C6C
21395	#6C6C6C
21396	#6C6C6C
21397	#CBCBCB
21398	#FFFFFF
21399	#FFFFFF
21400	#FFFFFF
21401	#FFFFFF
21402	#FFFFFF
21403	#FFFFFF
21404	#E9E9EA
21405	#462A6F
21406	#3E1C71
21407	#3F1E71
21408	#3F1E71
21409	#3F1E71
21410	#3F1E71
21411	#3F1E71
21412	#3F1E71
21413	#3F1E71
21414	#3F1E71
21415	#3F1E71
21416	#3F1E71
21417	#3F1E71
21418	#3F1E71
21419	#3F1E71
21420	#3F1E71
21421	#3F1E71
21422	#3F1E71
21423	#3F1E71
21424	#3F1E71
21425	#3F1E71
21426	#3F1E71
21427	#3F1E71
21428	#3F1E71
21429	#3F1E71
21430	#3F1E71
21431	#3F1E71
21432	#3F1E71
21433	#3F1E71
21434	#3F1E71
21435	#3F1E71
21436	#3F1E71
21437	#3F1E71
21438	#3F1E71
21439	#3F1E71
21440	#3F1E71
21441	#401F72
21442	#412073
21443	#3F1E71
21444	#3F1E71
21445	#3F1E71
21446	#401F72
21447	#3F1E71
21448	#3F1E71
21449	#3F1E71
21450	#3F1E71
21451	#3F1E71
21452	#3F1E71
21453	#3F1E71
21454	#3F1E71
21455	#3F1E71
21456	#3F1E71
21457	#3F1E71
21458	#3F1E71
21459	#3F1E71
21460	#3F1E71
21461	#422073
21462	#422174
21463	#3F1E71
21464	#3F1E71
21465	#3F1F72
21466	#3F1F72
21467	#3F1F72
21468	#3F1F72
21469	#3F1F72
21470	#3F1F72
21471	#3F1F72
21472	#3F1E71
21473	#3F1E71
21474	#3F1E71
21475	#3F1E71
21476	#401F72
21477	#3F1E71
21478	#3F1E71
21479	#3F1E71
21480	#3F1E71
21481	#3F1E71
21482	#3F1E71
21483	#3F1E71
21484	#3F1E71
21485	#3F1E71
21486	#3F1E71
21487	#3F1E71
21488	#3F1E71
21489	#3F1E71
21490	#3F1E71
21491	#3F1E71
21492	#3F1E71
21493	#3F1E71
21494	#3F1E71
21495	#3F1E71
21496	#3F1E71
21497	#3B196F
21498	#5C457E
21499	#FDFDFB
21500	#FFFFFF
21501	#FFFFFF
21502	#FFFFFF
21503	#545454
21504	#000000
21505	#000000
21506	#000000
21507	#000000
21508	#000000
21509	#000000
21510	#000000
21511	#000000
21512	#000000
21513	#000000
21514	#000000
21515	#000000
21516	#000000
21517	#000000
21518	#000000
21519	#000000
21520	#000000
21521	#000000
21522	#000000
21523	#000000
21524	#000000
21525	#000000
21526	#000000
21527	#000000
21528	#000000
21529	#000000
21530	#000000
21531	#000000
21532	#000000
21533	#000000
21534	#000000
21535	#000000
21536	#000000
21537	#000000
21538	#000000
21539	#000000
21540	#000000
21541	#000000
21542	#000000
21543	#000000
21544	#000000
21545	#000000
21546	#000000
21547	#000000
21548	#000000
21549	#000000
21550	#000000
21551	#000000
21552	#000000
21553	#000000
21554	#000000
21555	#000000
21556	#000000
21557	#000000
21558	#000000
21559	#000000
21560	#000000
21561	#000000
21562	#000000
21563	#000000
21564	#000000
21565	#000000
21566	#000000
21567	#000000
21568	#000000
21569	#000000
21570	#000000
21571	#000000
21572	#000000
21573	#000000
21574	#000000
21575	#000000
21576	#000000
21577	#000000
21578	#000000
21579	#000000
21580	#000000
21581	#000000
21582	#000000
21583	#000000
21584	#000000
21585	#000000
21586	#000000
21587	#000000
21588	#000000
21589	#000000
21590	#000000
21591	#000000
21592	#000000
21593	#000000
21594	#000000
21595	#000000
21596	#000000
21597	#A3A3A3
21598	#FFFFFF
21599	#FFFFFF
21600	#FFFFFF
21601	#FFFFFF
21602	#FFFFFF
21603	#FFFFFF
21604	#EAEAEB
21605	#4D3275
21606	#462577
21607	#472777
21608	#472777
21609	#472777
21610	#472777
21611	#472777
21612	#472777
21613	#472777
21614	#472777
21615	#472777
21616	#472777
21617	#472777
21618	#472777
21619	#472777
21620	#472777
21621	#472777
21622	#472777
21623	#472777
21624	#472777
21625	#472777
21626	#472777
21627	#472777
21628	#472777
21629	#472777
21630	#472777
21631	#472777
21632	#472777
21633	#472777
21634	#472777
21635	#472777
21636	#472777
21637	#472777
21638	#472777
21639	#472777
21640	#472777
21641	#472777
21642	#472777
21643	#472777
21644	#472777
21645	#472777
21646	#472777
21647	#472777
21648	#472777
21649	#472777
21650	#472777
21651	#472777
21652	#472777
21653	#472777
21654	#472777
21655	#472777
21656	#472777
21657	#472777
21658	#472777
21659	#472777
21660	#472777
21661	#472777
21662	#472777
21663	#472777
21664	#472777
21665	#472878
21666	#472878
21667	#472878
21668	#472878
21669	#472878
21670	#472878
21671	#472878
21672	#472777
21673	#472777
21674	#472777
21675	#472777
21676	#472777
21677	#472777
21678	#472777
21679	#472777
21680	#472777
21681	#472777
21682	#472777
21683	#472777
21684	#472777
21685	#472777
21686	#472777
21687	#472777
21688	#472777
21689	#472777
21690	#472777
21691	#472777
21692	#472777
21693	#472777
21694	#472777
21695	#472777
21696	#472777
21697	#432275
21698	#624C83
21699	#FDFDFB
21700	#FFFFFF
21701	#FFFFFF
21702	#FFFFFF
21703	#5B5B5B
21704	#000000
21705	#000000
21706	#000000
21707	#000000
21708	#000000
21709	#000000
21710	#000000
21711	#000000
21712	#000000
21713	#000000
21714	#000000
21715	#000000
21716	#000000
21717	#000000
21718	#000000
21719	#000000
21720	#000000
21721	#000000
21722	#000000
21723	#000000
21724	#000000
21725	#000000
21726	#000000
21727	#000000
21728	#000000
21729	#000000
21730	#000000
21731	#000000
21732	#000000
21733	#000000
21734	#000000
21735	#000000
21736	#000000
21737	#000000
21738	#000000
21739	#000000
21740	#000000
21741	#000000
21742	#000000
21743	#000000
21744	#000000
21745	#000000
21746	#000000
21747	#000000
21748	#000000
21749	#000000
21750	#000000
21751	#000000
21752	#000000
21753	#000000
21754	#000000
21755	#000000
21756	#000000
21757	#000000
21758	#000000
21759	#000000
21760	#000000
21761	#000000
21762	#000000
21763	#000000
21764	#000000
21765	#000000
21766	#000000
21767	#000000
21768	#000000
21769	#000000
21770	#000000
21771	#000000
21772	#000000
21773	#000000
21774	#000000
21775	#000000
21776	#000000
21777	#000000
21778	#000000
21779	#000000
21780	#000000
21781	#000000
21782	#000000
21783	#000000
21784	#000000
21785	#000000
21786	#000000
21787	#000000
21788	#000000
21789	#000000
21790	#000000
21791	#000000
21792	#000000
21793	#000000
21794	#000000
21795	#000000
21796	#000000
21797	#A7A7A7
21798	#FFFFFF
21799	#FFFFFF
21800	#FFFFFF
21801	#FFFFFF
21802	#FFFFFF
21803	#FFFFFF
21804	#EAEAEB
21805	#4D3275
21806	#462577
21807	#472777
21808	#472777
21809	#472777
21810	#472777
21811	#472777
21812	#472777
21813	#472777
21814	#472777
21815	#472777
21816	#472777
21817	#472777
21818	#472777
21819	#472777
21820	#472777
21821	#472777
21822	#472777
21823	#472777
21824	#472777
21825	#472777
21826	#472777
21827	#472777
21828	#472777
21829	#472777
21830	#472777
21831	#472777
21832	#472777
21833	#472777
21834	#472777
21835	#472777
21836	#472777
21837	#472777
21838	#472777
21839	#472777
21840	#472777
21841	#472777
21842	#472777
21843	#472777
21844	#472777
21845	#472777
21846	#472777
21847	#472777
21848	#472777
21849	#472777
21850	#472777
21851	#472777
21852	#472777
21853	#472777
21854	#472777
21855	#472777
21856	#472777
21857	#472777
21858	#472777
21859	#472777
21860	#472777
21861	#472777
21862	#472777
21863	#472777
21864	#472777
21865	#472878
21866	#472878
21867	#472878
21868	#472878
21869	#472878
21870	#472878
21871	#472878
21872	#472777
21873	#472777
21874	#472777
21875	#472777
21876	#472777
21877	#472777
21878	#472777
21879	#472777
21880	#472777
21881	#472777
21882	#472777
21883	#472777
21884	#472777
21885	#472777
21886	#472777
21887	#472777
21888	#472777
21889	#472777
21890	#472777
21891	#472777
21892	#472777
21893	#472777
21894	#472777
21895	#472777
21896	#472777
21897	#432275
21898	#624C83
21899	#FDFDFB
21900	#FFFFFF
21901	#FFFFFF
21902	#FFFFFF
21903	#5B5B5B
21904	#000000
21905	#000000
21906	#000000
21907	#000000
21908	#000000
21909	#000000
21910	#000000
21911	#000000
21912	#000000
21913	#000000
21914	#000000
21915	#000000
21916	#000000
21917	#000000
21918	#000000
21919	#000000
21920	#000000
21921	#000000
21922	#000000
21923	#000000
21924	#000000
21925	#000000
21926	#000000
21927	#000000
21928	#000000
21929	#000000
21930	#000000
21931	#000000
21932	#000000
21933	#000000
21934	#000000
21935	#000000
21936	#000000
21937	#000000
21938	#000000
21939	#000000
21940	#000000
21941	#000000
21942	#000000
21943	#000000
21944	#000000
21945	#000000
21946	#000000
21947	#000000
21948	#000000
21949	#000000
21950	#000000
21951	#000000
21952	#000000
21953	#000000
21954	#000000
21955	#000000
21956	#000000
21957	#000000
21958	#000000
21959	#000000
21960	#000000
21961	#000000
21962	#000000
21963	#000000
21964	#000000
21965	#000000
21966	#000000
21967	#000000
21968	#000000
21969	#000000
21970	#000000
21971	#000000
21972	#000000
21973	#000000
21974	#000000
21975	#000000
21976	#000000
21977	#000000
21978	#000000
21979	#000000
21980	#000000
21981	#000000
21982	#000000
21983	#000000
21984	#000000
21985	#000000
21986	#000000
21987	#000000
21988	#000000
21989	#000000
21990	#000000
21991	#000000
21992	#000000
21993	#000000
21994	#000000
21995	#000000
21996	#000000
21997	#A7A7A7
21998	#FFFFFF
21999	#FFFFFF
22000	#FFFFFF
22001	#FFFFFF
22002	#FFFFFF
22003	#FFFFFF
22004	#EAEAEB
22005	#4D3275
22006	#462577
22007	#472777
22008	#472777
22009	#472777
22010	#472777
22011	#472777
22012	#472777
22013	#472777
22014	#472777
22015	#472777
22016	#472777
22017	#472777
22018	#472777
22019	#472777
22020	#472777
22021	#472777
22022	#472777
22023	#472777
22024	#472777
22025	#472777
22026	#472777
22027	#472777
22028	#472777
22029	#472777
22030	#472777
22031	#472777
22032	#472777
22033	#472777
22034	#472777
22035	#472777
22036	#472777
22037	#472777
22038	#472777
22039	#472777
22040	#472777
22041	#472777
22042	#472777
22043	#472777
22044	#472777
22045	#472777
22046	#472777
22047	#472777
22048	#472777
22049	#472777
22050	#472777
22051	#472777
22052	#472777
22053	#472777
22054	#472777
22055	#472777
22056	#472777
22057	#472777
22058	#472777
22059	#472777
22060	#472777
22061	#472777
22062	#472777
22063	#472777
22064	#472777
22065	#472878
22066	#472878
22067	#472878
22068	#472878
22069	#472878
22070	#472878
22071	#472878
22072	#472777
22073	#472777
22074	#472777
22075	#472777
22076	#472777
22077	#472777
22078	#472777
22079	#472777
22080	#472777
22081	#472777
22082	#472777
22083	#472777
22084	#472777
22085	#472777
22086	#472777
22087	#472777
22088	#472777
22089	#472777
22090	#472777
22091	#472777
22092	#472777
22093	#472777
22094	#472777
22095	#472777
22096	#472777
22097	#432275
22098	#624C83
22099	#FDFDFB
22100	#FFFFFF
22101	#FFFFFF
22102	#FFFFFF
22103	#5B5B5B
22104	#000000
22105	#000000
22106	#000000
22107	#000000
22108	#000000
22109	#000000
22110	#000000
22111	#000000
22112	#000000
22113	#000000
22114	#000000
22115	#000000
22116	#000000
22117	#000000
22118	#000000
22119	#000000
22120	#000000
22121	#000000
22122	#000000
22123	#000000
22124	#000000
22125	#000000
22126	#000000
22127	#000000
22128	#000000
22129	#000000
22130	#000000
22131	#000000
22132	#000000
22133	#000000
22134	#000000
22135	#000000
22136	#000000
22137	#000000
22138	#000000
22139	#000000
22140	#000000
22141	#000000
22142	#000000
22143	#000000
22144	#000000
22145	#000000
22146	#000000
22147	#000000
22148	#000000
22149	#000000
22150	#000000
22151	#000000
22152	#000000
22153	#000000
22154	#000000
22155	#000000
22156	#000000
22157	#000000
22158	#000000
22159	#000000
22160	#000000
22161	#000000
22162	#000000
22163	#000000
22164	#000000
22165	#000000
22166	#000000
22167	#000000
22168	#000000
22169	#000000
22170	#000000
22171	#000000
22172	#000000
22173	#000000
22174	#000000
22175	#000000
22176	#000000
22177	#000000
22178	#000000
22179	#000000
22180	#000000
22181	#000000
22182	#000000
22183	#000000
22184	#000000
22185	#000000
22186	#000000
22187	#000000
22188	#000000
22189	#000000
22190	#000000
22191	#000000
22192	#000000
22193	#000000
22194	#000000
22195	#000000
22196	#000000
22197	#A7A7A7
22198	#FFFFFF
22199	#FFFFFF
22200	#FFFFFF
22201	#FFFFFF
22202	#FFFFFF
22203	#FFFFFF
22204	#EAEAEB
22205	#4D3275
22206	#462577
22207	#472777
22208	#472777
22209	#472777
22210	#472777
22211	#472777
22212	#472777
22213	#472777
22214	#472777
22215	#472777
22216	#472777
22217	#472777
22218	#472777
22219	#472777
22220	#472777
22221	#472777
22222	#472777
22223	#472777
22224	#472777
22225	#472777
22226	#472777
22227	#472777
22228	#472777
22229	#472777
22230	#472777
22231	#472777
22232	#472777
22233	#472777
22234	#472777
22235	#472777
22236	#472777
22237	#472777
22238	#472777
22239	#472777
22240	#472777
22241	#472777
22242	#472777
22243	#472777
22244	#472777
22245	#472777
22246	#472777
22247	#472777
22248	#472777
22249	#472777
22250	#472777
22251	#472777
22252	#472777
22253	#472777
22254	#472777
22255	#472777
22256	#472777
22257	#472777
22258	#472777
22259	#472777
22260	#472777
22261	#472777
22262	#472777
22263	#472777
22264	#472777
22265	#472878
22266	#472878
22267	#472878
22268	#472878
22269	#472878
22270	#472878
22271	#472878
22272	#472777
22273	#472777
22274	#472777
22275	#472777
22276	#472777
22277	#472777
22278	#472777
22279	#472777
22280	#472777
22281	#472777
22282	#472777
22283	#472777
22284	#472777
22285	#472777
22286	#472777
22287	#472777
22288	#472777
22289	#472777
22290	#472777
22291	#472777
22292	#472777
22293	#472777
22294	#472777
22295	#472777
22296	#472777
22297	#432275
22298	#624C83
22299	#FDFDFB
22300	#FFFFFF
22301	#FFFFFF
22302	#FFFFFF
22303	#5B5B5B
22304	#000000
22305	#000000
22306	#000000
22307	#000000
22308	#000000
22309	#000000
22310	#000000
22311	#000000
22312	#000000
22313	#000000
22314	#000000
22315	#000000
22316	#000000
22317	#000000
22318	#000000
22319	#000000
22320	#000000
22321	#000000
22322	#000000
22323	#000000
22324	#000000
22325	#000000
22326	#000000
22327	#000000
22328	#000000
22329	#000000
22330	#000000
22331	#000000
22332	#000000
22333	#000000
22334	#000000
22335	#000000
22336	#000000
22337	#000000
22338	#000000
22339	#000000
22340	#000000
22341	#000000
22342	#000000
22343	#000000
22344	#000000
22345	#000000
22346	#000000
22347	#000000
22348	#000000
22349	#000000
22350	#000000
22351	#000000
22352	#000000
22353	#000000
22354	#000000
22355	#000000
22356	#000000
22357	#000000
22358	#000000
22359	#000000
22360	#000000
22361	#000000
22362	#000000
22363	#000000
22364	#000000
22365	#000000
22366	#000000
22367	#000000
22368	#000000
22369	#000000
22370	#000000
22371	#000000
22372	#000000
22373	#000000
22374	#000000
22375	#000000
22376	#000000
22377	#000000
22378	#000000
22379	#000000
22380	#000000
22381	#000000
22382	#000000
22383	#000000
22384	#000000
22385	#000000
22386	#000000
22387	#000000
22388	#000000
22389	#000000
22390	#000000
22391	#000000
22392	#000000
22393	#000000
22394	#000000
22395	#000000
22396	#000000
22397	#A7A7A7
22398	#FFFFFF
22399	#FFFFFF
22400	#FFFFFF
22401	#FFFFFF
22402	#FFFFFF
22403	#FFFFFF
22404	#EAEAEB
22405	#4D3275
22406	#462577
22407	#472777
22408	#472777
22409	#472777
22410	#472777
22411	#472777
22412	#472777
22413	#472777
22414	#472777
22415	#472777
22416	#472777
22417	#472777
22418	#472777
22419	#472777
22420	#472777
22421	#472777
22422	#472777
22423	#472777
22424	#472777
22425	#472777
22426	#472777
22427	#472777
22428	#472777
22429	#472777
22430	#472777
22431	#472777
22432	#472777
22433	#472777
22434	#472777
22435	#472777
22436	#472777
22437	#472777
22438	#472777
22439	#472777
22440	#472777
22441	#472777
22442	#472777
22443	#472777
22444	#472777
22445	#472777
22446	#472777
22447	#472777
22448	#472777
22449	#472777
22450	#472777
22451	#472777
22452	#472777
22453	#472777
22454	#472777
22455	#472777
22456	#472777
22457	#472777
22458	#472777
22459	#472777
22460	#472777
22461	#472777
22462	#472777
22463	#472777
22464	#472777
22465	#472878
22466	#472878
22467	#472878
22468	#472878
22469	#472878
22470	#472878
22471	#472878
22472	#472777
22473	#472777
22474	#472777
22475	#472777
22476	#472777
22477	#472777
22478	#472777
22479	#472777
22480	#472777
22481	#472777
22482	#472777
22483	#472777
22484	#472777
22485	#472777
22486	#472777
22487	#472777
22488	#472777
22489	#472777
22490	#472777
22491	#472777
22492	#472777
22493	#472777
22494	#472777
22495	#472777
22496	#472777
22497	#432275
22498	#624C83
22499	#FDFDFB
22500	#FFFFFF
22501	#FFFFFF
22502	#FFFFFF
22503	#5B5B5B
22504	#000000
22505	#000000
22506	#000000
22507	#000000
22508	#000000
22509	#000000
22510	#000000
22511	#000000
22512	#000000
22513	#000000
22514	#000000
22515	#000000
22516	#000000
22517	#000000
22518	#000000
22519	#000000
22520	#000000
22521	#000000
22522	#000000
22523	#000000
22524	#000000
22525	#000000
22526	#000000
22527	#000000
22528	#000000
22529	#000000
22530	#000000
22531	#000000
22532	#000000
22533	#000000
22534	#000000
22535	#000000
22536	#000000
22537	#000000
22538	#000000
22539	#000000
22540	#000000
22541	#000000
22542	#000000
22543	#000000
22544	#000000
22545	#000000
22546	#000000
22547	#000000
22548	#000000
22549	#000000
22550	#000000
22551	#000000
22552	#000000
22553	#000000
22554	#000000
22555	#000000
22556	#000000
22557	#000000
22558	#000000
22559	#000000
22560	#000000
22561	#000000
22562	#000000
22563	#000000
22564	#000000
22565	#000000
22566	#000000
22567	#000000
22568	#000000
22569	#000000
22570	#000000
22571	#000000
22572	#000000
22573	#000000
22574	#000000
22575	#000000
22576	#000000
22577	#000000
22578	#000000
22579	#000000
22580	#000000
22581	#000000
22582	#000000
22583	#000000
22584	#000000
22585	#000000
22586	#000000
22587	#000000
22588	#000000
22589	#000000
22590	#000000
22591	#000000
22592	#000000
22593	#000000
22594	#000000
22595	#000000
22596	#000000
22597	#A7A7A7
22598	#FFFFFF
22599	#FFFFFF
22600	#FFFFFF
22601	#FFFFFF
22602	#FFFFFF
22603	#FFFFFF
22604	#EAEAEB
22605	#4D3275
22606	#462577
22607	#472777
22608	#472777
22609	#472777
22610	#472777
22611	#472777
22612	#472777
22613	#472777
22614	#472777
22615	#472777
22616	#472777
22617	#472777
22618	#472777
22619	#472777
22620	#472777
22621	#472777
22622	#472777
22623	#472777
22624	#472777
22625	#472777
22626	#472777
22627	#472777
22628	#472777
22629	#472777
22630	#472777
22631	#472777
22632	#472777
22633	#472777
22634	#472777
22635	#472777
22636	#472777
22637	#472777
22638	#472777
22639	#472777
22640	#472777
22641	#472777
22642	#472777
22643	#472777
22644	#472777
22645	#472777
22646	#472777
22647	#472777
22648	#472777
22649	#472777
22650	#472777
22651	#472777
22652	#472777
22653	#472777
22654	#472777
22655	#472777
22656	#472777
22657	#472777
22658	#472777
22659	#472777
22660	#472777
22661	#472777
22662	#472777
22663	#472777
22664	#472777
22665	#472777
22666	#472777
22667	#472777
22668	#472777
22669	#472777
22670	#472777
22671	#472777
22672	#472777
22673	#472777
22674	#472777
22675	#472777
22676	#472777
22677	#472777
22678	#472777
22679	#472777
22680	#472777
22681	#472777
22682	#472777
22683	#472777
22684	#472777
22685	#472777
22686	#472777
22687	#472777
22688	#472777
22689	#472777
22690	#472777
22691	#472777
22692	#472777
22693	#472777
22694	#472777
22695	#472777
22696	#472777
22697	#432275
22698	#624C83
22699	#FDFDFB
22700	#FFFFFF
22701	#FFFFFF
22702	#FFFFFF
22703	#5B5B5B
22704	#000000
22705	#000000
22706	#000000
22707	#000000
22708	#000000
22709	#000000
22710	#000000
22711	#000000
22712	#000000
22713	#000000
22714	#000000
22715	#000000
22716	#000000
22717	#000000
22718	#000000
22719	#000000
22720	#000000
22721	#000000
22722	#000000
22723	#000000
22724	#000000
22725	#000000
22726	#000000
22727	#000000
22728	#000000
22729	#000000
22730	#000000
22731	#000000
22732	#000000
22733	#000000
22734	#000000
22735	#000000
22736	#000000
22737	#000000
22738	#000000
22739	#000000
22740	#000000
22741	#000000
22742	#000000
22743	#000000
22744	#000000
22745	#000000
22746	#000000
22747	#000000
22748	#000000
22749	#000000
22750	#000000
22751	#000000
22752	#000000
22753	#000000
22754	#000000
22755	#000000
22756	#000000
22757	#000000
22758	#000000
22759	#000000
22760	#000000
22761	#000000
22762	#000000
22763	#000000
22764	#000000
22765	#000000
22766	#000000
22767	#000000
22768	#000000
22769	#000000
22770	#000000
22771	#000000
22772	#000000
22773	#000000
22774	#000000
22775	#000000
22776	#000000
22777	#000000
22778	#000000
22779	#000000
22780	#000000
22781	#000000
22782	#000000
22783	#000000
22784	#000000
22785	#000000
22786	#000000
22787	#000000
22788	#000000
22789	#000000
22790	#000000
22791	#000000
22792	#000000
22793	#000000
22794	#000000
22795	#000000
22796	#000000
22797	#A7A7A7
22798	#FFFFFF
22799	#FFFFFF
22800	#FFFFFF
22801	#FFFFFF
22802	#FFFFFF
22803	#FFFFFF
22804	#EAEAEB
22805	#4D3275
22806	#462577
22807	#472777
22808	#472777
22809	#472777
22810	#472777
22811	#472777
22812	#472777
22813	#472777
22814	#472777
22815	#472777
22816	#472777
22817	#472777
22818	#472777
22819	#472777
22820	#472777
22821	#472777
22822	#472777
22823	#472777
22824	#472777
22825	#472777
22826	#472777
22827	#472777
22828	#472777
22829	#472777
22830	#472777
22831	#472777
22832	#472777
22833	#472777
22834	#472777
22835	#472777
22836	#472777
22837	#472777
22838	#472777
22839	#472777
22840	#472777
22841	#472777
22842	#472777
22843	#472777
22844	#472777
22845	#472777
22846	#472777
22847	#472777
22848	#472777
22849	#472777
22850	#472777
22851	#472777
22852	#472777
22853	#472777
22854	#472777
22855	#472777
22856	#472777
22857	#472777
22858	#472777
22859	#472777
22860	#472777
22861	#472777
22862	#472777
22863	#472777
22864	#472777
22865	#472777
22866	#472777
22867	#472777
22868	#472777
22869	#472777
22870	#472777
22871	#472777
22872	#472777
22873	#472777
22874	#472777
22875	#472777
22876	#472777
22877	#472777
22878	#472777
22879	#472777
22880	#472777
22881	#472777
22882	#472777
22883	#472777
22884	#472777
22885	#472777
22886	#472777
22887	#472777
22888	#472777
22889	#472777
22890	#472777
22891	#472777
22892	#472777
22893	#472777
22894	#472777
22895	#472777
22896	#472777
22897	#432275
22898	#624C83
22899	#FDFDFB
22900	#FFFFFF
22901	#FFFFFF
22902	#FFFFFF
22903	#5B5B5B
22904	#000000
22905	#000000
22906	#000000
22907	#000000
22908	#000000
22909	#000000
22910	#000000
22911	#000000
22912	#000000
22913	#000000
22914	#000000
22915	#000000
22916	#000000
22917	#000000
22918	#000000
22919	#000000
22920	#000000
22921	#000000
22922	#000000
22923	#000000
22924	#000000
22925	#000000
22926	#000000
22927	#000000
22928	#000000
22929	#000000
22930	#000000
22931	#000000
22932	#000000
22933	#000000
22934	#000000
22935	#000000
22936	#000000
22937	#000000
22938	#000000
22939	#000000
22940	#000000
22941	#000000
22942	#000000
22943	#000000
22944	#000000
22945	#000000
22946	#000000
22947	#000000
22948	#000000
22949	#000000
22950	#000000
22951	#000000
22952	#000000
22953	#000000
22954	#000000
22955	#000000
22956	#000000
22957	#000000
22958	#000000
22959	#000000
22960	#000000
22961	#000000
22962	#000000
22963	#000000
22964	#000000
22965	#000000
22966	#000000
22967	#000000
22968	#000000
22969	#000000
22970	#000000
22971	#000000
22972	#000000
22973	#000000
22974	#000000
22975	#000000
22976	#000000
22977	#000000
22978	#000000
22979	#000000
22980	#000000
22981	#000000
22982	#000000
22983	#000000
22984	#000000
22985	#000000
22986	#000000
22987	#000000
22988	#000000
22989	#000000
22990	#000000
22991	#000000
22992	#000000
22993	#000000
22994	#000000
22995	#000000
22996	#000000
22997	#A7A7A7
22998	#FFFFFF
22999	#FFFFFF
23000	#FFFFFF
23001	#FFFFFF
23002	#FFFFFF
23003	#FFFFFF
23004	#EAEAEB
23005	#4D3275
23006	#462577
23007	#472777
23008	#472777
23009	#472777
23010	#472777
23011	#472777
23012	#472777
23013	#472777
23014	#472777
23015	#472777
23016	#472777
23017	#472777
23018	#472777
23019	#472777
23020	#472777
23021	#472777
23022	#472777
23023	#472777
23024	#472777
23025	#472777
23026	#472777
23027	#472777
23028	#472777
23029	#472777
23030	#472777
23031	#472777
23032	#472777
23033	#472777
23034	#472777
23035	#472777
23036	#472777
23037	#472777
23038	#472777
23039	#472777
23040	#472777
23041	#472777
23042	#472777
23043	#472777
23044	#472777
23045	#472777
23046	#472777
23047	#472777
23048	#472777
23049	#472777
23050	#472777
23051	#472777
23052	#472777
23053	#472777
23054	#472777
23055	#472777
23056	#472777
23057	#472777
23058	#472777
23059	#472777
23060	#472777
23061	#472777
23062	#472777
23063	#472777
23064	#472777
23065	#472777
23066	#472777
23067	#472777
23068	#472777
23069	#472777
23070	#472777
23071	#472777
23072	#472777
23073	#472777
23074	#472777
23075	#472777
23076	#472777
23077	#472777
23078	#472777
23079	#472777
23080	#472777
23081	#472777
23082	#472777
23083	#472777
23084	#472777
23085	#472777
23086	#472777
23087	#472777
23088	#472777
23089	#472777
23090	#472777
23091	#472777
23092	#472777
23093	#472777
23094	#472777
23095	#472777
23096	#472777
23097	#432275
23098	#624C83
23099	#FDFDFB
23100	#FFFFFF
23101	#FFFFFF
23102	#FFFFFF
23103	#5B5B5B
23104	#000000
23105	#000000
23106	#000000
23107	#000000
23108	#000000
23109	#000000
23110	#000000
23111	#000000
23112	#000000
23113	#000000
23114	#000000
23115	#000000
23116	#000000
23117	#000000
23118	#000000
23119	#000000
23120	#000000
23121	#000000
23122	#000000
23123	#000000
23124	#000000
23125	#000000
23126	#000000
23127	#000000
23128	#000000
23129	#000000
23130	#000000
23131	#000000
23132	#000000
23133	#000000
23134	#000000
23135	#000000
23136	#000000
23137	#000000
23138	#000000
23139	#000000
23140	#000000
23141	#000000
23142	#000000
23143	#000000
23144	#000000
23145	#000000
23146	#000000
23147	#000000
23148	#000000
23149	#000000
23150	#000000
23151	#000000
23152	#000000
23153	#000000
23154	#000000
23155	#000000
23156	#000000
23157	#000000
23158	#000000
23159	#000000
23160	#000000
23161	#000000
23162	#000000
23163	#000000
23164	#000000
23165	#000000
23166	#000000
23167	#000000
23168	#000000
23169	#000000
23170	#000000
23171	#000000
23172	#000000
23173	#000000
23174	#000000
23175	#000000
23176	#000000
23177	#000000
23178	#000000
23179	#000000
23180	#000000
23181	#000000
23182	#000000
23183	#000000
23184	#000000
23185	#000000
23186	#000000
23187	#000000
23188	#000000
23189	#000000
23190	#000000
23191	#000000
23192	#000000
23193	#000000
23194	#000000
23195	#000000
23196	#000000
23197	#A7A7A7
23198	#FFFFFF
23199	#FFFFFF
23200	#FFFFFF
23201	#FFFFFF
23202	#FFFFFF
23203	#FFFFFF
23204	#EAEAEB
23205	#4D3275
23206	#462577
23207	#472777
23208	#472777
23209	#472777
23210	#472777
23211	#472777
23212	#472777
23213	#472777
23214	#472777
23215	#472777
23216	#472777
23217	#472777
23218	#472777
23219	#472777
23220	#472777
23221	#472777
23222	#472777
23223	#472777
23224	#472777
23225	#472777
23226	#472777
23227	#472777
23228	#472777
23229	#472777
23230	#472777
23231	#472777
23232	#472777
23233	#472777
23234	#472777
23235	#472777
23236	#472777
23237	#472777
23238	#472777
23239	#472777
23240	#472777
23241	#472777
23242	#472777
23243	#472777
23244	#472777
23245	#472777
23246	#472777
23247	#472777
23248	#472777
23249	#472777
23250	#472777
23251	#472777
23252	#472777
23253	#472777
23254	#472777
23255	#472777
23256	#472777
23257	#472777
23258	#472777
23259	#472777
23260	#472777
23261	#472777
23262	#472777
23263	#472777
23264	#472777
23265	#472777
23266	#472777
23267	#472777
23268	#472777
23269	#472777
23270	#472777
23271	#472777
23272	#472777
23273	#472777
23274	#472777
23275	#472777
23276	#472777
23277	#472777
23278	#472777
23279	#472777
23280	#472777
23281	#472777
23282	#472777
23283	#472777
23284	#472777
23285	#472777
23286	#472777
23287	#472777
23288	#472777
23289	#472777
23290	#472777
23291	#472777
23292	#472777
23293	#472777
23294	#472777
23295	#472777
23296	#472777
23297	#432275
23298	#624C83
23299	#FDFDFB
23300	#FFFFFF
23301	#FFFFFF
23302	#FFFFFF
23303	#5B5B5B
23304	#000000
23305	#000000
23306	#000000
23307	#000000
23308	#000000
23309	#000000
23310	#000000
23311	#000000
23312	#000000
23313	#000000
23314	#000000
23315	#000000
23316	#000000
23317	#000000
23318	#000000
23319	#000000
23320	#000000
23321	#000000
23322	#000000
23323	#000000
23324	#000000
23325	#000000
23326	#000000
23327	#000000
23328	#000000
23329	#000000
23330	#000000
23331	#000000
23332	#000000
23333	#000000
23334	#000000
23335	#000000
23336	#000000
23337	#000000
23338	#000000
23339	#000000
23340	#000000
23341	#000000
23342	#000000
23343	#000000
23344	#000000
23345	#000000
23346	#000000
23347	#000000
23348	#000000
23349	#000000
23350	#000000
23351	#000000
23352	#000000
23353	#000000
23354	#000000
23355	#000000
23356	#000000
23357	#000000
23358	#000000
23359	#000000
23360	#000000
23361	#000000
23362	#000000
23363	#000000
23364	#000000
23365	#000000
23366	#000000
23367	#000000
23368	#000000
23369	#000000
23370	#000000
23371	#000000
23372	#000000
23373	#000000
23374	#000000
23375	#000000
23376	#000000
23377	#000000
23378	#000000
23379	#000000
23380	#000000
23381	#000000
23382	#000000
23383	#000000
23384	#000000
23385	#000000
23386	#000000
23387	#000000
23388	#000000
23389	#000000
23390	#000000
23391	#000000
23392	#000000
23393	#000000
23394	#000000
23395	#000000
23396	#000000
23397	#A7A7A7
23398	#FFFFFF
23399	#FFFFFF
23400	#FFFFFF
23401	#FFFFFF
23402	#FFFFFF
23403	#FFFFFF
23404	#EAEAEB
23405	#4D3275
23406	#462577
23407	#472777
23408	#472777
23409	#472777
23410	#472777
23411	#472777
23412	#472777
23413	#472777
23414	#472777
23415	#472777
23416	#472777
23417	#472777
23418	#472777
23419	#472777
23420	#472777
23421	#472777
23422	#472777
23423	#472777
23424	#472777
23425	#472777
23426	#472777
23427	#472777
23428	#472777
23429	#472777
23430	#472777
23431	#472777
23432	#472777
23433	#472777
23434	#472777
23435	#472777
23436	#472777
23437	#472777
23438	#472777
23439	#472777
23440	#472777
23441	#472777
23442	#472777
23443	#472777
23444	#472777
23445	#472777
23446	#472777
23447	#472777
23448	#472777
23449	#472777
23450	#472777
23451	#472777
23452	#472777
23453	#472777
23454	#472777
23455	#472777
23456	#472777
23457	#472777
23458	#472777
23459	#472777
23460	#472777
23461	#472777
23462	#472777
23463	#472777
23464	#472777
23465	#472777
23466	#472777
23467	#472777
23468	#472777
23469	#472777
23470	#472777
23471	#472777
23472	#472777
23473	#472777
23474	#472777
23475	#472777
23476	#472777
23477	#472777
23478	#472676
23479	#472676
23480	#472676
23481	#472575
23482	#472575
23483	#472676
23484	#472676
23485	#472676
23486	#472777
23487	#472777
23488	#472777
23489	#472777
23490	#472777
23491	#472777
23492	#472777
23493	#472777
23494	#472777
23495	#472777
23496	#472777
23497	#432275
23498	#624C83
23499	#FDFDFB
23500	#FFFFFF
23501	#FFFFFF
23502	#FFFFFF
23503	#5B5B5B
23504	#000000
23505	#000000
23506	#000000
23507	#000000
23508	#000000
23509	#000000
23510	#000000
23511	#000000
23512	#000000
23513	#000000
23514	#000000
23515	#000000
23516	#000000
23517	#000000
23518	#000000
23519	#000000
23520	#000000
23521	#000000
23522	#000000
23523	#000000
23524	#000000
23525	#000000
23526	#000000
23527	#000000
23528	#000000
23529	#000000
23530	#000000
23531	#000000
23532	#000000
23533	#000000
23534	#000000
23535	#000000
23536	#000000
23537	#000000
23538	#000000
23539	#000000
23540	#000000
23541	#000000
23542	#000000
23543	#000000
23544	#000000
23545	#000000
23546	#000000
23547	#000000
23548	#000000
23549	#000000
23550	#000000
23551	#000000
23552	#000000
23553	#000000
23554	#000000
23555	#000000
23556	#000000
23557	#000000
23558	#000000
23559	#000000
23560	#000000
23561	#000000
23562	#000000
23563	#000000
23564	#000000
23565	#000000
23566	#000000
23567	#000000
23568	#000000
23569	#000000
23570	#000000
23571	#000000
23572	#000000
23573	#000000
23574	#000000
23575	#000000
23576	#000000
23577	#000000
23578	#000000
23579	#00000A
23580	#000021
23581	#000006
23582	#000000
23583	#000000
23584	#000000
23585	#000000
23586	#000000
23587	#000000
23588	#000000
23589	#000000
23590	#000000
23591	#000000
23592	#000000
23593	#000000
23594	#000000
23595	#000000
23596	#000000
23597	#A7A7A7
23598	#FFFFFF
23599	#FFFFFF
23600	#FFFFFF
23601	#FFFFFF
23602	#FFFFFF
23603	#FFFFFF
23604	#EAEAEB
23605	#4D3275
23606	#462577
23607	#472777
23608	#472777
23609	#472777
23610	#472777
23611	#472777
23612	#472777
23613	#472777
23614	#472777
23615	#472777
23616	#472777
23617	#472777
23618	#472777
23619	#472777
23620	#472777
23621	#472777
23622	#472777
23623	#472777
23624	#472777
23625	#472777
23626	#472777
23627	#472777
23628	#472777
23629	#472777
23630	#472777
23631	#472777
23632	#472777
23633	#472777
23634	#472777
23635	#472777
23636	#472777
23637	#472777
23638	#472777
23639	#472777
23640	#472777
23641	#472777
23642	#472777
23643	#472777
23644	#472777
23645	#472777
23646	#472777
23647	#472777
23648	#472777
23649	#472777
23650	#472777
23651	#472777
23652	#472777
23653	#472777
23654	#472777
23655	#472777
23656	#472777
23657	#472777
23658	#472777
23659	#472777
23660	#472777
23661	#472777
23662	#472777
23663	#472777
23664	#472777
23665	#472777
23666	#472777
23667	#472777
23668	#472777
23669	#472777
23670	#472777
23671	#472777
23672	#472777
23673	#472777
23674	#472777
23675	#472777
23676	#472777
23677	#472676
23678	#472575
23679	#472575
23680	#482374
23681	#482374
23682	#482374
23683	#482374
23684	#472475
23685	#472575
23686	#472676
23687	#472676
23688	#472777
23689	#472777
23690	#472777
23691	#472777
23692	#472777
23693	#472777
23694	#472777
23695	#472777
23696	#472777
23697	#432275
23698	#624C83
23699	#FDFDFB
23700	#FFFFFF
23701	#FFFFFF
23702	#FFFFFF
23703	#5B5B5B
23704	#000000
23705	#000000
23706	#000000
23707	#000000
23708	#000000
23709	#000000
23710	#000000
23711	#000000
23712	#000000
23713	#000000
23714	#000000
23715	#000000
23716	#000000
23717	#000000
23718	#000000
23719	#000000
23720	#000000
23721	#000000
23722	#000000
23723	#000000
23724	#000000
23725	#000000
23726	#000000
23727	#000000
23728	#000000
23729	#000000
23730	#000000
23731	#000000
23732	#000000
23733	#000000
23734	#000000
23735	#000000
23736	#000000
23737	#000000
23738	#000000
23739	#000000
23740	#000000
23741	#000000
23742	#000000
23743	#000000
23744	#000000
23745	#000000
23746	#000000
23747	#000000
23748	#000000
23749	#000000
23750	#000000
23751	#000000
23752	#000000
23753	#000000
23754	#000000
23755	#000000
23756	#000000
23757	#000000
23758	#000000
23759	#000000
23760	#000000
23761	#000000
23762	#000000
23763	#000000
23764	#000000
23765	#000000
23766	#000000
23767	#000000
23768	#000000
23769	#000000
23770	#000000
23771	#000000
23772	#000000
23773	#000000
23774	#000000
23775	#000000
23776	#000000
23777	#000021
23778	#000074
23779	#0000A6
23780	#0000C7
23781	#0000A0
23782	#00006B
23783	#000019
23784	#000000
23785	#000000
23786	#000000
23787	#000000
23788	#000000
23789	#000000
23790	#000000
23791	#000000
23792	#000000
23793	#000000
23794	#000000
23795	#000000
23796	#000000
23797	#A7A7A7
23798	#FFFFFF
23799	#FFFFFF
23800	#FFFFFF
23801	#FFFFFF
23802	#FFFFFF
23803	#FFFFFF
23804	#EAEAEB
23805	#4D3275
23806	#462577
23807	#472777
23808	#472777
23809	#472777
23810	#472777
23811	#472777
23812	#472777
23813	#472777
23814	#472777
23815	#472777
23816	#472777
23817	#472777
23818	#472777
23819	#472777
23820	#472777
23821	#472777
23822	#472777
23823	#472777
23824	#472777
23825	#472777
23826	#472777
23827	#472777
23828	#472777
23829	#472777
23830	#472777
23831	#472777
23832	#472777
23833	#472777
23834	#472777
23835	#472777
23836	#472777
23837	#472777
23838	#472777
23839	#472777
23840	#472777
23841	#472777
23842	#472777
23843	#472777
23844	#472777
23845	#472777
23846	#472777
23847	#472777
23848	#472777
23849	#472777
23850	#472777
23851	#472777
23852	#472777
23853	#472777
23854	#472777
23855	#472777
23856	#472777
23857	#472777
23858	#472777
23859	#472777
23860	#472777
23861	#472777
23862	#472777
23863	#472777
23864	#472777
23865	#472777
23866	#472777
23867	#472777
23868	#472777
23869	#472777
23870	#472777
23871	#472777
23872	#472777
23873	#472777
23874	#472777
23875	#472777
23876	#472676
23877	#472575
23878	#472475
23879	#482374
23880	#482273
23881	#482172
23882	#482172
23883	#482273
23884	#482273
23885	#472475
23886	#472575
23887	#472676
23888	#472777
23889	#472777
23890	#472777
23891	#472777
23892	#472777
23893	#472777
23894	#472777
23895	#472777
23896	#472777
23897	#432275
23898	#624C83
23899	#FDFDFB
23900	#FFFFFF
23901	#FFFFFF
23902	#FFFFFF
23903	#5B5B5B
23904	#000000
23905	#000000
23906	#000000
23907	#000000
23908	#000000
23909	#000000
23910	#000000
23911	#000000
23912	#000000
23913	#000000
23914	#000000
23915	#000000
23916	#000000
23917	#000000
23918	#000000
23919	#000000
23920	#000000
23921	#000000
23922	#000000
23923	#000000
23924	#000000
23925	#000000
23926	#000000
23927	#000000
23928	#000000
23929	#000000
23930	#000000
23931	#000000
23932	#000000
23933	#000000
23934	#000000
23935	#000000
23936	#000000
23937	#000000
23938	#000000
23939	#000000
23940	#000000
23941	#000000
23942	#000000
23943	#000000
23944	#000000
23945	#000000
23946	#000000
23947	#000000
23948	#000000
23949	#000000
23950	#000000
23951	#000000
23952	#000000
23953	#000000
23954	#000000
23955	#000000
23956	#000000
23957	#000000
23958	#000000
23959	#000000
23960	#000000
23961	#000000
23962	#000000
23963	#000000
23964	#000000
23965	#000000
23966	#000000
23967	#000000
23968	#000000
23969	#000000
23970	#000000
23971	#000000
23972	#000000
23973	#000000
23974	#000000
23975	#000000
23976	#000012
23977	#0000AD
23978	#0000D3
23979	#0000CB
23980	#0000C7
23981	#0000CC
23982	#0000D4
23983	#00009B
23984	#000008
23985	#000000
23986	#000000
23987	#000000
23988	#000000
23989	#000000
23990	#000000
23991	#000000
23992	#000000
23993	#000000
23994	#000000
23995	#000000
23996	#000000
23997	#A7A7A7
23998	#FFFFFF
23999	#FFFFFF
24000	#FFFFFF
24001	#FFFFFF
24002	#FFFFFF
24003	#FFFFFF
24004	#EAEAEB
24005	#4D3275
24006	#462577
24007	#472777
24008	#472777
24009	#472777
24010	#472777
24011	#472777
24012	#472777
24013	#472777
24014	#472777
24015	#472777
24016	#472777
24017	#472777
24018	#472777
24019	#472777
24020	#472777
24021	#472777
24022	#472777
24023	#472777
24024	#472777
24025	#472777
24026	#472777
24027	#472777
24028	#472777
24029	#472777
24030	#472777
24031	#472777
24032	#472777
24033	#472777
24034	#472777
24035	#472777
24036	#472777
24037	#472777
24038	#472777
24039	#472777
24040	#472777
24041	#472777
24042	#472777
24043	#472777
24044	#472777
24045	#472777
24046	#472777
24047	#472777
24048	#472777
24049	#472777
24050	#472777
24051	#472777
24052	#472777
24053	#472777
24054	#472777
24055	#472777
24056	#472777
24057	#472777
24058	#472777
24059	#472777
24060	#472777
24061	#472777
24062	#472777
24063	#472777
24064	#472777
24065	#472777
24066	#472777
24067	#472777
24068	#472777
24069	#472777
24070	#472777
24071	#472777
24072	#472777
24073	#472777
24074	#472777
24075	#472777
24076	#472676
24077	#472575
24078	#472475
24079	#482273
24080	#482273
24081	#482172
24082	#482172
24083	#482273
24084	#482273
24085	#472475
24086	#472575
24087	#472676
24088	#472777
24089	#472777
24090	#472777
24091	#472777
24092	#472777
24093	#472777
24094	#472777
24095	#472777
24096	#472777
24097	#432275
24098	#624C83
24099	#FDFDFB
24100	#FFFFFF
24101	#FFFFFF
24102	#FFFFFF
24103	#5B5B5B
24104	#000000
24105	#000000
24106	#000000
24107	#000000
24108	#000000
24109	#000000
24110	#000000
24111	#000000
24112	#000000
24113	#000000
24114	#000000
24115	#000000
24116	#000000
24117	#000000
24118	#000000
24119	#000000
24120	#000000
24121	#000000
24122	#000000
24123	#000000
24124	#000000
24125	#000000
24126	#000000
24127	#000000
24128	#000000
24129	#000000
24130	#000000
24131	#000000
24132	#000000
24133	#000000
24134	#000000
24135	#000000
24136	#000000
24137	#000000
24138	#000000
24139	#000000
24140	#000000
24141	#000000
24142	#000000
24143	#000000
24144	#000000
24145	#000000
24146	#000000
24147	#000000
24148	#000000
24149	#000000
24150	#000000
24151	#000000
24152	#000000
24153	#000000
24154	#000000
24155	#000000
24156	#000000
24157	#000000
24158	#000000
24159	#000000
24160	#000000
24161	#000000
24162	#000000
24163	#000000
24164	#000000
24165	#000000
24166	#000000
24167	#000000
24168	#000000
24169	#000000
24170	#000000
24171	#000000
24172	#000000
24173	#000000
24174	#000000
24175	#000000
24176	#000019
24177	#0000BB
24178	#0000D4
24179	#0000CC
24180	#0000C8
24181	#0000CD
24182	#0000D5
24183	#0000AB
24184	#00000D
24185	#000000
24186	#000000
24187	#000000
24188	#000000
24189	#000000
24190	#000000
24191	#000000
24192	#000000
24193	#000000
24194	#000000
24195	#000000
24196	#000000
24197	#A7A7A7
24198	#FFFFFF
24199	#FFFFFF
24200	#FFFFFF
24201	#FFFFFF
24202	#FFFFFF
24203	#FFFFFF
24204	#EAEAEB
24205	#4D3275
24206	#462577
24207	#472777
24208	#472777
24209	#472777
24210	#472777
24211	#472777
24212	#472777
24213	#472777
24214	#472777
24215	#472777
24216	#472777
24217	#472777
24218	#472777
24219	#472777
24220	#472777
24221	#472777
24222	#472777
24223	#472777
24224	#472777
24225	#472777
24226	#472777
24227	#472777
24228	#472777
24229	#472777
24230	#472777
24231	#472777
24232	#472777
24233	#472777
24234	#472777
24235	#472777
24236	#472777
24237	#472777
24238	#472777
24239	#472777
24240	#472777
24241	#472777
24242	#472777
24243	#472777
24244	#472777
24245	#472777
24246	#472777
24247	#472777
24248	#472777
24249	#472777
24250	#472777
24251	#472777
24252	#472777
24253	#472777
24254	#472777
24255	#472777
24256	#472777
24257	#472777
24258	#472777
24259	#472777
24260	#472777
24261	#472777
24262	#472777
24263	#472777
24264	#472777
24265	#472777
24266	#472777
24267	#472777
24268	#472777
24269	#472777
24270	#472777
24271	#472777
24272	#472777
24273	#472777
24274	#472777
24275	#472777
24276	#472777
24277	#472676
24278	#472576
24279	#482475
24280	#482474
24281	#482374
24282	#482374
24283	#482474
24284	#482475
24285	#472575
24286	#472676
24287	#472777
24288	#472777
24289	#472777
24290	#472777
24291	#472777
24292	#472777
24293	#472777
24294	#472777
24295	#472777
24296	#472777
24297	#432275
24298	#624C83
24299	#FDFDFB
24300	#FFFFFF
24301	#FFFFFF
24302	#FFFFFF
24303	#5B5B5B
24304	#000000
24305	#000000
24306	#000000
24307	#000000
24308	#000000
24309	#000000
24310	#000000
24311	#000000
24312	#000000
24313	#000000
24314	#000000
24315	#000000
24316	#000000
24317	#000000
24318	#000000
24319	#000000
24320	#000000
24321	#000000
24322	#000000
24323	#000000
24324	#000000
24325	#000000
24326	#000000
24327	#000000
24328	#000000
24329	#000000
24330	#000000
24331	#000000
24332	#000000
24333	#000000
24334	#000000
24335	#000000
24336	#000000
24337	#000000
24338	#000000
24339	#000000
24340	#000000
24341	#000000
24342	#000000
24343	#000000
24344	#000000
24345	#000000
24346	#000000
24347	#000000
24348	#000000
24349	#000000
24350	#000000
24351	#000000
24352	#000000
24353	#000000
24354	#000000
24355	#000000
24356	#000000
24357	#000000
24358	#000000
24359	#000000
24360	#000000
24361	#000000
24362	#000000
24363	#000000
24364	#000000
24365	#000000
24366	#000000
24367	#000000
24368	#000000
24369	#000000
24370	#000000
24371	#000000
24372	#000000
24373	#000000
24374	#000000
24375	#000000
24376	#000000
24377	#00003D
24378	#000068
24379	#000083
24380	#0000B0
24381	#00007A
24382	#000068
24383	#000031
24384	#000000
24385	#000000
24386	#000000
24387	#000000
24388	#000000
24389	#000000
24390	#000000
24391	#000000
24392	#000000
24393	#000000
24394	#000000
24395	#000000
24396	#000000
24397	#A7A7A7
24398	#FFFFFF
24399	#FFFFFF
24400	#FFFFFF
24401	#FFFFFF
24402	#FFFFFF
24403	#FFFFFF
24404	#EAEAEB
24405	#4D3275
24406	#462577
24407	#472777
24408	#472777
24409	#472777
24410	#472777
24411	#472777
24412	#472777
24413	#472777
24414	#472777
24415	#472777
24416	#472777
24417	#472777
24418	#472777
24419	#472777
24420	#472777
24421	#472777
24422	#472777
24423	#472777
24424	#472777
24425	#472777
24426	#472777
24427	#472777
24428	#472777
24429	#472777
24430	#472777
24431	#472777
24432	#472777
24433	#472777
24434	#472777
24435	#472777
24436	#472777
24437	#472777
24438	#472777
24439	#472777
24440	#472777
24441	#472777
24442	#472777
24443	#472777
24444	#472777
24445	#472777
24446	#472777
24447	#472777
24448	#472777
24449	#472777
24450	#472777
24451	#472777
24452	#472777
24453	#472777
24454	#472777
24455	#472777
24456	#472777
24457	#472777
24458	#472777
24459	#472777
24460	#472777
24461	#472777
24462	#472777
24463	#472777
24464	#472777
24465	#472777
24466	#472777
24467	#472777
24468	#472777
24469	#472777
24470	#472777
24471	#472777
24472	#472777
24473	#472777
24474	#472777
24475	#472777
24476	#472777
24477	#472777
24478	#472878
24479	#472878
24480	#472878
24481	#472978
24482	#472978
24483	#472878
24484	#472878
24485	#472878
24486	#472777
24487	#472777
24488	#472777
24489	#472777
24490	#472777
24491	#472777
24492	#472777
24493	#472777
24494	#472777
24495	#472777
24496	#472777
24497	#432275
24498	#624C83
24499	#FDFDFB
24500	#FFFFFF
24501	#FFFFFF
24502	#FFFFFF
24503	#5B5B5B
24504	#000000
24505	#000000
24506	#000000
24507	#000000
24508	#000000
24509	#000000
24510	#000000
24511	#000000
24512	#000000
24513	#000000
24514	#000000
24515	#000000
24516	#000000
24517	#000000
24518	#000000
24519	#000000
24520	#000000
24521	#000000
24522	#000000
24523	#000000
24524	#000000
24525	#000000
24526	#000000
24527	#000000
24528	#000000
24529	#000000
24530	#000000
24531	#000000
24532	#000000
24533	#000000
24534	#000000
24535	#000000
24536	#000000
24537	#000000
24538	#000000
24539	#000000
24540	#000000
24541	#000000
24542	#000000
24543	#000000
24544	#000000
24545	#000000
24546	#000000
24547	#000000
24548	#000000
24549	#000000
24550	#000000
24551	#000000
24552	#000000
24553	#000000
24554	#000000
24555	#000000
24556	#000000
24557	#000000
24558	#000000
24559	#000000
24560	#000000
24561	#000000
24562	#000000
24563	#000000
24564	#000000
24565	#000000
24566	#000000
24567	#000000
24568	#000000
24569	#000000
24570	#000000
24571	#000000
24572	#000000
24573	#000000
24574	#000000
24575	#000000
24576	#000000
24577	#000000
24578	#000100
24579	#000200
24580	#000209
24581	#000200
24582	#000100
24583	#000000
24584	#000000
24585	#000000
24586	#000000
24587	#000000
24588	#000000
24589	#000000
24590	#000000
24591	#000000
24592	#000000
24593	#000000
24594	#000000
24595	#000000
24596	#000000
24597	#A7A7A7
24598	#FFFFFF
24599	#FFFFFF
24600	#FFFFFF
24601	#FFFFFF
24602	#FFFFFF
24603	#FFFFFF
24604	#EAEAEB
24605	#4D3275
24606	#462577
24607	#472777
24608	#472777
24609	#472777
24610	#472777
24611	#472777
24612	#472777
24613	#472777
24614	#472777
24615	#472777
24616	#472777
24617	#472777
24618	#472777
24619	#472777
24620	#472777
24621	#472777
24622	#472777
24623	#472777
24624	#472777
24625	#472777
24626	#472777
24627	#472777
24628	#472777
24629	#472777
24630	#472777
24631	#472777
24632	#472777
24633	#472777
24634	#472777
24635	#472777
24636	#472777
24637	#472777
24638	#472777
24639	#472777
24640	#472777
24641	#472777
24642	#472777
24643	#472777
24644	#472777
24645	#472777
24646	#472777
24647	#472777
24648	#472777
24649	#472777
24650	#472777
24651	#472777
24652	#472777
24653	#472777
24654	#472777
24655	#472777
24656	#472777
24657	#472777
24658	#472777
24659	#472777
24660	#472777
24661	#472777
24662	#472777
24663	#472777
24664	#472777
24665	#472777
24666	#472777
24667	#472777
24668	#472777
24669	#472777
24670	#472777
24671	#472777
24672	#472676
24673	#472676
24674	#472777
24675	#472777
24676	#472878
24677	#472A7A
24678	#472C7B
24679	#462E7C
24680	#46307D
24681	#46317E
24682	#46327E
24683	#46307D
24684	#462F7D
24685	#472C7B
24686	#472B7A
24687	#472978
24688	#472777
24689	#472777
24690	#472676
24691	#472676
24692	#472777
24693	#472777
24694	#472777
24695	#472777
24696	#472777
24697	#432275
24698	#624C83
24699	#FDFDFB
24700	#FFFFFF
24701	#FFFFFF
24702	#FFFFFF
24703	#5B5B5B
24704	#000000
24705	#000000
24706	#000000
24707	#000000
24708	#000000
24709	#000000
24710	#000000
24711	#000000
24712	#000000
24713	#000000
24714	#000000
24715	#000000
24716	#000000
24717	#000000
24718	#000000
24719	#000000
24720	#000000
24721	#000000
24722	#000000
24723	#000000
24724	#000000
24725	#000000
24726	#000000
24727	#000000
24728	#000000
24729	#000000
24730	#000000
24731	#000000
24732	#000000
24733	#000000
24734	#000000
24735	#000000
24736	#000000
24737	#000000
24738	#000000
24739	#000000
24740	#000000
24741	#000000
24742	#000000
24743	#000000
24744	#000000
24745	#000000
24746	#000000
24747	#000000
24748	#000000
24749	#000000
24750	#000000
24751	#000000
24752	#000000
24753	#000000
24754	#000000
24755	#000000
24756	#000000
24757	#000000
24758	#000000
24759	#000000
24760	#000000
24761	#000000
24762	#000000
24763	#000000
24764	#000000
24765	#000000
24766	#000000
24767	#000000
24768	#000000
24769	#000000
24770	#000000
24771	#000000
24772	#000000
24773	#000000
24774	#000000
24775	#000300
24776	#000700
24777	#000C00
24778	#001100
24779	#001400
24780	#001600
24781	#001400
24782	#001000
24783	#000B00
24784	#000600
24785	#000200
24786	#000000
24787	#000000
24788	#000000
24789	#000000
24790	#000000
24791	#000000
24792	#000000
24793	#000000
24794	#000000
24795	#000000
24796	#000000
24797	#A7A7A7
24798	#FFFFFF
24799	#FFFFFF
24800	#FFFFFF
24801	#FFFFFF
24802	#FFFFFF
24803	#FFFFFF
24804	#EAEAEB
24805	#4D3275
24806	#462577
24807	#472777
24808	#472777
24809	#472777
24810	#472777
24811	#472777
24812	#472777
24813	#472777
24814	#472777
24815	#472777
24816	#472777
24817	#472777
24818	#472777
24819	#472777
24820	#472777
24821	#472777
24822	#472777
24823	#472777
24824	#472777
24825	#472777
24826	#472777
24827	#472777
24828	#472777
24829	#472777
24830	#472777
24831	#472777
24832	#472777
24833	#472777
24834	#472777
24835	#472777
24836	#472777
24837	#472777
24838	#472777
24839	#472777
24840	#472777
24841	#472777
24842	#472777
24843	#472777
24844	#472777
24845	#472777
24846	#472777
24847	#472777
24848	#472777
24849	#472777
24850	#472777
24851	#472777
24852	#472777
24853	#472777
24854	#472777
24855	#472777
24856	#472777
24857	#472777
24858	#472777
24859	#472777
24860	#472777
24861	#472777
24862	#472777
24863	#472777
24864	#472777
24865	#472777
24866	#472777
24867	#472777
24868	#472777
24869	#472777
24870	#472676
24871	#472676
24872	#472676
24873	#472676
24874	#472676
24875	#472777
24876	#472A79
24877	#462E7C
24878	#45327F
24879	#443781
24880	#433A83
24881	#433C84
24882	#433C84
24883	#433A83
24884	#443781
24885	#45337F
24886	#462F7D
24887	#472B7A
24888	#472777
24889	#472676
24890	#472676
24891	#472676
24892	#472676
24893	#472676
24894	#472777
24895	#472777
24896	#472777
24897	#432275
24898	#624C83
24899	#FDFDFB
24900	#FFFFFF
24901	#FFFFFF
24902	#FFFFFF
24903	#5B5B5B
24904	#000000
24905	#000000
24906	#000000
24907	#000000
24908	#000000
24909	#000000
24910	#000000
24911	#000000
24912	#000000
24913	#000000
24914	#000000
24915	#000000
24916	#000000
24917	#000000
24918	#000000
24919	#000000
24920	#000000
24921	#000000
24922	#000000
24923	#000000
24924	#000000
24925	#000000
24926	#000000
24927	#000000
24928	#000000
24929	#000000
24930	#000000
24931	#000000
24932	#000000
24933	#000000
24934	#000000
24935	#000000
24936	#000000
24937	#000000
24938	#000000
24939	#000000
24940	#000000
24941	#000000
24942	#000000
24943	#000000
24944	#000000
24945	#000000
24946	#000000
24947	#000000
24948	#000000
24949	#000000
24950	#000000
24951	#000000
24952	#000000
24953	#000000
24954	#000000
24955	#000000
24956	#000000
24957	#000000
24958	#000000
24959	#000000
24960	#000000
24961	#000000
24962	#000000
24963	#000000
24964	#000000
24965	#000000
24966	#000000
24967	#000000
24968	#000000
24969	#000000
24970	#000000
24971	#000000
24972	#000000
24973	#000000
24974	#000100
24975	#000A00
24976	#001500
24977	#002000
24978	#002900
24979	#003000
24980	#003200
24981	#002F00
24982	#002800
24983	#001E00
24984	#001300
24985	#000800
24986	#000100
24987	#000000
24988	#000000
24989	#000000
24990	#000000
24991	#000000
24992	#000000
24993	#000000
24994	#000000
24995	#000000
24996	#000000
24997	#A7A7A7
24998	#FFFFFF
24999	#FFFFFF
25000	#FFFFFF
25001	#FFFFFF
25002	#FFFFFF
25003	#FFFFFF
25004	#EAEAEB
25005	#4D3275
25006	#462577
25007	#472777
25008	#472777
25009	#472777
25010	#472777
25011	#472777
25012	#472777
25013	#472777
25014	#472777
25015	#472777
25016	#472777
25017	#472777
25018	#472777
25019	#472777
25020	#472777
25021	#472777
25022	#472777
25023	#472777
25024	#472777
25025	#472777
25026	#472777
25027	#472777
25028	#472777
25029	#472777
25030	#472777
25031	#472777
25032	#472777
25033	#472777
25034	#472777
25035	#472777
25036	#472777
25037	#472777
25038	#472777
25039	#472777
25040	#472777
25041	#472777
25042	#472777
25043	#472777
25044	#472777
25045	#472777
25046	#472777
25047	#472777
25048	#472777
25049	#472777
25050	#472777
25051	#472777
25052	#472777
25053	#472777
25054	#472777
25055	#472777
25056	#472777
25057	#472777
25058	#472777
25059	#472777
25060	#472777
25061	#472777
25062	#472777
25063	#472777
25064	#472777
25065	#472777
25066	#472777
25067	#472777
25068	#472777
25069	#472777
25070	#472676
25071	#472676
25072	#472575
25073	#472575
25074	#472676
25075	#472877
25076	#472C7B
25077	#45327F
25078	#443982
25079	#414085
25080	#3F4587
25081	#3E4989
25082	#3E4989
25083	#3F4688
25084	#414186
25085	#433A83
25086	#45337F
25087	#472C7B
25088	#472878
25089	#472676
25090	#472575
25091	#472575
25092	#472575
25093	#472676
25094	#472777
25095	#472777
25096	#472777
25097	#432275
25098	#624C83
25099	#FDFDFB
25100	#FFFFFF
25101	#FFFFFF
25102	#FFFFFF
25103	#5B5B5B
25104	#000000
25105	#000000
25106	#000000
25107	#000000
25108	#000000
25109	#000000
25110	#000000
25111	#000000
25112	#000000
25113	#000000
25114	#000000
25115	#000000
25116	#000000
25117	#000000
25118	#000000
25119	#000000
25120	#000000
25121	#000000
25122	#000000
25123	#000000
25124	#000000
25125	#000000
25126	#000000
25127	#000000
25128	#000000
25129	#000000
25130	#000000
25131	#000000
25132	#000000
25133	#000000
25134	#000000
25135	#000000
25136	#000000
25137	#000000
25138	#000000
25139	#000000
25140	#000000
25141	#000000
25142	#000000
25143	#000000
25144	#000000
25145	#000000
25146	#000000
25147	#000000
25148	#000000
25149	#000000
25150	#000000
25151	#000000
25152	#000000
25153	#000000
25154	#000000
25155	#000000
25156	#000000
25157	#000000
25158	#000000
25159	#000000
25160	#000000
25161	#000000
25162	#000000
25163	#000000
25164	#000000
25165	#000000
25166	#000000
25167	#000000
25168	#000000
25169	#000000
25170	#000002
25171	#000019
25172	#000000
25173	#000000
25174	#000300
25175	#001200
25176	#002400
25177	#003600
25178	#004600
25179	#005100
25180	#005500
25181	#005000
25182	#004400
25183	#003300
25184	#002100
25185	#000F00
25186	#000200
25187	#000000
25188	#000001
25189	#000019
25190	#000000
25191	#000000
25192	#000000
25193	#000000
25194	#000000
25195	#000000
25196	#000000
25197	#A7A7A7
25198	#FFFFFF
25199	#FFFFFF
25200	#FFFFFF
25201	#FFFFFF
25202	#FFFFFF
25203	#FFFFFF
25204	#EAEAEB
25205	#4D3275
25206	#462577
25207	#472777
25208	#472777
25209	#472777
25210	#472777
25211	#472777
25212	#472777
25213	#472777
25214	#472777
25215	#472777
25216	#472777
25217	#472777
25218	#472777
25219	#472777
25220	#472777
25221	#472777
25222	#472777
25223	#472777
25224	#472777
25225	#472777
25226	#472777
25227	#472777
25228	#472777
25229	#472777
25230	#472777
25231	#472777
25232	#472777
25233	#472777
25234	#472777
25235	#472777
25236	#472777
25237	#472777
25238	#472777
25239	#472777
25240	#472777
25241	#472777
25242	#472777
25243	#472777
25244	#472777
25245	#472777
25246	#472777
25247	#472777
25248	#472777
25249	#472777
25250	#472777
25251	#472777
25252	#472777
25253	#472777
25254	#472777
25255	#472777
25256	#472777
25257	#472777
25258	#472777
25259	#472777
25260	#472777
25261	#472777
25262	#472777
25263	#472777
25264	#472777
25265	#472777
25266	#472777
25267	#472777
25268	#472777
25269	#472777
25270	#472676
25271	#472575
25272	#482474
25273	#482474
25274	#472575
25275	#472777
25276	#462E7C
25277	#443781
25278	#414086
25279	#3E4A89
25280	#3B518B
25281	#38558B
25282	#38568B
25283	#3A528B
25284	#3D4B89
25285	#414286
25286	#443882
25287	#462F7C
25288	#472878
25289	#472575
25290	#482474
25291	#482374
25292	#472575
25293	#472676
25294	#472676
25295	#472777
25296	#472777
25297	#432275
25298	#624C83
25299	#FDFDFB
25300	#FFFFFF
25301	#FFFFFF
25302	#FFFFFF
25303	#5B5B5B
25304	#000000
25305	#000000
25306	#000000
25307	#000000
25308	#000000
25309	#000000
25310	#000000
25311	#000000
25312	#000000
25313	#000000
25314	#000000
25315	#000000
25316	#000000
25317	#000000
25318	#000000
25319	#000000
25320	#000000
25321	#000000
25322	#000000
25323	#000000
25324	#000000
25325	#000000
25326	#000000
25327	#000000
25328	#000000
25329	#000000
25330	#000000
25331	#000000
25332	#000000
25333	#000000
25334	#000000
25335	#000000
25336	#000000
25337	#000000
25338	#000000
25339	#000000
25340	#000000
25341	#000000
25342	#000000
25343	#000000
25344	#000000
25345	#000000
25346	#000000
25347	#000000
25348	#000000
25349	#000000
25350	#000000
25351	#000000
25352	#000000
25353	#000000
25354	#000000
25355	#000000
25356	#000000
25357	#000000
25358	#000000
25359	#000000
25360	#000000
25361	#000000
25362	#000000
25363	#000000
25364	#000000
25365	#000000
25366	#000000
25367	#000000
25368	#000000
25369	#000001
25370	#000056
25371	#0000BC
25372	#000042
25373	#000000
25374	#000600
25375	#001B00
25376	#003400
25377	#004D00
25378	#006500
25379	#007500
25380	#007C00
25381	#007400
25382	#006200
25383	#004A00
25384	#003100
25385	#001800
25386	#000400
25387	#000002
25388	#000053
25389	#0000BD
25390	#000044
25391	#000001
25392	#000000
25393	#000000
25394	#000000
25395	#000000
25396	#000000
25397	#A7A7A7
25398	#FFFFFF
25399	#FFFFFF
25400	#FFFFFF
25401	#FFFFFF
25402	#FFFFFF
25403	#FFFFFF
25404	#EAEAEB
25405	#4D3275
25406	#462577
25407	#472777
25408	#472777
25409	#472777
25410	#472777
25411	#472777
25412	#472777
25413	#472777
25414	#472777
25415	#472777
25416	#472777
25417	#472777
25418	#472777
25419	#472777
25420	#472777
25421	#472777
25422	#472777
25423	#472777
25424	#472777
25425	#472777
25426	#472777
25427	#472777
25428	#472777
25429	#472777
25430	#472777
25431	#472777
25432	#472777
25433	#472777
25434	#472777
25435	#472777
25436	#472777
25437	#472777
25438	#472777
25439	#472777
25440	#472777
25441	#472777
25442	#472777
25443	#472777
25444	#472777
25445	#472777
25446	#472777
25447	#472777
25448	#472777
25449	#472777
25450	#472777
25451	#472777
25452	#472777
25453	#472777
25454	#472777
25455	#472777
25456	#472777
25457	#472777
25458	#472777
25459	#472777
25460	#472777
25461	#472777
25462	#472777
25463	#472777
25464	#472777
25465	#472777
25466	#472777
25467	#472777
25468	#472777
25469	#472777
25470	#472575
25471	#472475
25472	#482273
25473	#482273
25474	#482374
25475	#472878
25476	#46307D
25477	#433C84
25478	#3E4888
25479	#3A538B
25480	#355C8C
25481	#33628D
25482	#32628D
25483	#355D8C
25484	#39558B
25485	#3E4989
25486	#423D84
25487	#46317E
25488	#472978
25489	#482474
25490	#482273
25491	#482273
25492	#472475
25493	#472575
25494	#472676
25495	#472777
25496	#472777
25497	#432275
25498	#624C83
25499	#FDFDFB
25500	#FFFFFF
25501	#FFFFFF
25502	#FFFFFF
25503	#5B5B5B
25504	#000000
25505	#000000
25506	#000000
25507	#000000
25508	#000000
25509	#000000
25510	#000000
25511	#000000
25512	#000000
25513	#000000
25514	#000000
25515	#000000
25516	#000000
25517	#000000
25518	#000000
25519	#000000
25520	#000000
25521	#000000
25522	#000000
25523	#000000
25524	#000000
25525	#000000
25526	#000000
25527	#000000
25528	#000000
25529	#000000
25530	#000000
25531	#000000
25532	#000000
25533	#000000
25534	#000000
25535	#000000
25536	#000000
25537	#000000
25538	#000000
25539	#000000
25540	#000000
25541	#000000
25542	#000000
25543	#000000
25544	#000000
25545	#000000
25546	#000000
25547	#000000
25548	#000000
25549	#000000
25550	#000000
25551	#000000
25552	#000000
25553	#000000
25554	#000000
25555	#000000
25556	#000000
25557	#000000
25558	#000000
25559	#000000
25560	#000000
25561	#000000
25562	#000000
25563	#000000
25564	#000000
25565	#000000
25566	#000000
25567	#000000
25568	#000004
25569	#000044
25570	#0000C1
25571	#0000CF
25572	#0000C0
25573	#000023
25574	#000900
25575	#002500
25576	#004500
25577	#006700
25578	#008500
25579	#009E08
25580	#00AA1C
25581	#009B04
25582	#008200
25583	#006200
25584	#004100
25585	#002100
25586	#000700
25587	#000036
25588	#0000C9
25589	#0000CF
25590	#0000B5
25591	#000011
25592	#000000
25593	#000000
25594	#000000
25595	#000000
25596	#000000
25597	#A7A7A7
25598	#FFFFFF
25599	#FFFFFF
25600	#FFFFFF
25601	#FFFFFF
25602	#FFFFFF
25603	#FFFFFF
25604	#EAEAEB
25605	#4D3275
25606	#462577
25607	#472777
25608	#472777
25609	#472777
25610	#472777
25611	#472777
25612	#472777
25613	#472777
25614	#472777
25615	#472777
25616	#472777
25617	#472777
25618	#472777
25619	#472777
25620	#472777
25621	#472777
25622	#472777
25623	#472777
25624	#472777
25625	#472777
25626	#472777
25627	#472777
25628	#472777
25629	#472777
25630	#472777
25631	#472777
25632	#472777
25633	#472777
25634	#472777
25635	#472777
25636	#472777
25637	#472777
25638	#472777
25639	#472777
25640	#472777
25641	#472777
25642	#472777
25643	#472777
25644	#472777
25645	#472777
25646	#472777
25647	#472777
25648	#472777
25649	#472777
25650	#472777
25651	#472777
25652	#472777
25653	#472777
25654	#472777
25655	#472777
25656	#472777
25657	#472777
25658	#472777
25659	#472777
25660	#472777
25661	#472777
25662	#472777
25663	#472777
25664	#472777
25665	#472777
25666	#472777
25667	#472777
25668	#472777
25669	#472777
25670	#472575
25671	#482374
25672	#482172
25673	#482172
25674	#482373
25675	#472878
25676	#46327F
25677	#414086
25678	#3B4F8A
25679	#355C8C
25680	#30678D
25681	#2E6D8E
25682	#2D6E8E
25683	#30688D
25684	#345E8D
25685	#3B508A
25686	#414286
25687	#453480
25688	#472979
25689	#482374
25690	#482172
25691	#482172
25692	#482374
25693	#472575
25694	#472676
25695	#472777
25696	#472777
25697	#432275
25698	#624C83
25699	#FDFDFB
25700	#FFFFFF
25701	#FFFFFF
25702	#FFFFFF
25703	#5B5B5B
25704	#000000
25705	#000000
25706	#000000
25707	#000000
25708	#000000
25709	#000000
25710	#000000
25711	#000000
25712	#000000
25713	#000000
25714	#000000
25715	#000000
25716	#000000
25717	#000000
25718	#000000
25719	#000000
25720	#000000
25721	#000000
25722	#000000
25723	#000000
25724	#000000
25725	#000000
25726	#000000
25727	#000000
25728	#000000
25729	#000000
25730	#000000
25731	#000000
25732	#000000
25733	#000000
25734	#000000
25735	#000000
25736	#000000
25737	#000000
25738	#000000
25739	#000000
25740	#000000
25741	#000000
25742	#000000
25743	#000000
25744	#000000
25745	#000000
25746	#000000
25747	#000000
25748	#000000
25749	#000000
25750	#000000
25751	#000000
25752	#000000
25753	#000000
25754	#000000
25755	#000000
25756	#000000
25757	#000000
25758	#000000
25759	#000000
25760	#000000
25761	#000000
25762	#000000
25763	#000000
25764	#000000
25765	#000000
25766	#000000
25767	#000000
25768	#000006
25769	#0000A8
25770	#0000CB
25771	#0000C4
25772	#0000CF
25773	#000044
25774	#000C00
25775	#002E00
25776	#005600
25777	#008000
25778	#00AA38
25779	#06A495
25780	#0C8BB3
25781	#05A88D
25782	#00A62A
25783	#007A00
25784	#005100
25785	#002900
25786	#000900
25787	#00005D
25788	#0000D0
25789	#0000C4
25790	#0000CC
25791	#00003D
25792	#000000
25793	#000000
25794	#000000
25795	#000000
25796	#000000
25797	#A7A7A7
25798	#FFFFFF
25799	#FFFFFF
25800	#FFFFFF
25801	#FFFFFF
25802	#FFFFFF
25803	#FFFFFF
25804	#EAEAEB
25805	#4D3275
25806	#462577
25807	#472777
25808	#472777
25809	#472777
25810	#472777
25811	#472777
25812	#472777
25813	#472777
25814	#472777
25815	#472777
25816	#472777
25817	#472777
25818	#472777
25819	#472777
25820	#472777
25821	#472777
25822	#472777
25823	#472777
25824	#472777
25825	#472777
25826	#472777
25827	#472777
25828	#472777
25829	#472777
25830	#472777
25831	#472777
25832	#472777
25833	#472777
25834	#472777
25835	#472777
25836	#472777
25837	#472777
25838	#472777
25839	#472777
25840	#472777
25841	#472777
25842	#472777
25843	#472777
25844	#472777
25845	#472777
25846	#472777
25847	#472777
25848	#472777
25849	#472777
25850	#472777
25851	#472777
25852	#472777
25853	#472777
25854	#472777
25855	#472777
25856	#472777
25857	#472777
25858	#472777
25859	#472777
25860	#472777
25861	#472777
25862	#472777
25863	#472777
25864	#472777
25865	#472777
25866	#472777
25867	#472777
25868	#472777
25869	#472777
25870	#472575
25871	#482273
25872	#482071
25873	#482071
25874	#482273
25875	#472878
25876	#453480
25877	#404587
25878	#38568B
25879	#31658D
25880	#2C718E
25881	#29798E
25882	#297A8E
25883	#2B738E
25884	#30678E
25885	#37588B
25886	#3F4788
25887	#453581
25888	#472979
25889	#482374
25890	#482071
25891	#482071
25892	#482273
25893	#472575
25894	#472676
25895	#472777
25896	#472777
25897	#432275
25898	#624C83
25899	#FDFDFB
25900	#FFFFFF
25901	#FFFFFF
25902	#FFFFFF
25903	#5B5B5B
25904	#000000
25905	#000000
25906	#000000
25907	#000000
25908	#000000
25909	#000000
25910	#000000
25911	#000000
25912	#000000
25913	#000000
25914	#000000
25915	#000000
25916	#000000
25917	#000000
25918	#000000
25919	#000000
25920	#000000
25921	#000000
25922	#000000
25923	#000000
25924	#000000
25925	#000000
25926	#000000
25927	#000000
25928	#000000
25929	#000000
25930	#000000
25931	#000000
25932	#000000
25933	#000000
25934	#000000
25935	#000000
25936	#000000
25937	#000000
25938	#000000
25939	#000000
25940	#000000
25941	#000000
25942	#000000
25943	#000000
25944	#000000
25945	#000000
25946	#000000
25947	#000000
25948	#000000
25949	#000000
25950	#000000
25951	#000000
25952	#000000
25953	#000000
25954	#000000
25955	#000000
25956	#000000
25957	#000000
25958	#000000
25959	#000000
25960	#000000
25961	#000000
25962	#000000
25963	#000000
25964	#000000
25965	#000000
25966	#000000
25967	#000000
25968	#00000D
25969	#0000AD
25970	#0000C9
25971	#0000C1
25972	#0000CA
25973	#000042
25974	#000E00
25975	#003700
25976	#006900
25977	#009D1C
25978	#0B6BAB
25979	#2213A9
25980	#2C009A
25981	#201AAD
25982	#087A9F
25983	#00980F
25984	#006200
25985	#003000
25986	#000B00
25987	#000059
25988	#0000CC
25989	#0000C1
25990	#0000CB
25991	#000070
25992	#000005
25993	#000000
25994	#000000
25995	#000000
25996	#000000
25997	#A7A7A7
25998	#FFFFFF
25999	#FFFFFF
26000	#FFFFFF
26001	#FFFFFF
26002	#FFFFFF
26003	#FFFFFF
26004	#EAEAEB
26005	#4D3275
26006	#462577
26007	#472777
26008	#472777
26009	#472777
26010	#472777
26011	#472777
26012	#472777
26013	#472777
26014	#472777
26015	#472777
26016	#472777
26017	#472777
26018	#472777
26019	#472777
26020	#472777
26021	#472777
26022	#472777
26023	#472777
26024	#472777
26025	#472777
26026	#472777
26027	#472777
26028	#472777
26029	#472777
26030	#472777
26031	#472777
26032	#472777
26033	#472777
26034	#472777
26035	#472777
26036	#472777
26037	#472777
26038	#472777
26039	#472777
26040	#472777
26041	#472777
26042	#472777
26043	#472777
26044	#472777
26045	#472777
26046	#472777
26047	#472777
26048	#472777
26049	#472777
26050	#472777
26051	#472777
26052	#472777
26053	#472777
26054	#472777
26055	#472777
26056	#472777
26057	#472777
26058	#472777
26059	#472777
26060	#472777
26061	#472777
26062	#472777
26063	#472777
26064	#472777
26065	#472777
26066	#472777
26067	#472777
26068	#472777
26069	#472676
26070	#482474
26071	#482172
26072	#481F70
26073	#481F70
26074	#482172
26075	#472978
26076	#443781
26077	#3E4A89
26078	#355E8C
26079	#2C708E
26080	#277E8E
26081	#23878D
26082	#23888D
26083	#26808E
26084	#2C728E
26085	#33608D
26086	#3C4C89
26087	#443882
26088	#472979
26089	#482172
26090	#481E70
26091	#481F70
26092	#482172
26093	#482374
26094	#472676
26095	#472777
26096	#472777
26097	#432275
26098	#624C83
26099	#FDFDFB
26100	#FFFFFF
26101	#FFFFFF
26102	#FFFFFF
26103	#5B5B5B
26104	#000000
26105	#000000
26106	#000000
26107	#000000
26108	#000000
26109	#000000
26110	#000000
26111	#000000
26112	#000000
26113	#000000
26114	#000000
26115	#000000
26116	#000000
26117	#000000
26118	#000000
26119	#000000
26120	#000000
26121	#000000
26122	#000000
26123	#000000
26124	#000000
26125	#000000
26126	#000000
26127	#000000
26128	#000000
26129	#000000
26130	#000000
26131	#000000
26132	#000000
26133	#000000
26134	#000000
26135	#000000
26136	#000000
26137	#000000
26138	#000000
26139	#000000
26140	#000000
26141	#000000
26142	#000000
26143	#000000
26144	#000000
26145	#000000
26146	#000000
26147	#000000
26148	#000000
26149	#000000
26150	#000000
26151	#000000
26152	#000000
26153	#000000
26154	#000000
26155	#000000
26156	#000000
26157	#000000
26158	#000000
26159	#000000
26160	#000000
26161	#000000
26162	#000000
26163	#000000
26164	#000000
26165	#000000
26166	#000000
26167	#000000
26168	#00003B
26169	#0000CA
26170	#0000C2
26171	#0000BE
26172	#0000C7
26173	#000041
26174	#001300
26175	#004300
26176	#008300
26177	#068C6A
26178	#2906A2
26179	#48007B
26180	#530071
26181	#45007F
26182	#2410A7
26183	#039756
26184	#007900
26185	#003A00
26186	#000D00
26187	#000056
26188	#0000C8
26189	#0000BD
26190	#0000C3
26191	#0000C8
26192	#000027
26193	#000000
26194	#000000
26195	#000000
26196	#000000
26197	#A7A7A7
26198	#FFFFFF
26199	#FFFFFF
26200	#FFFFFF
26201	#FFFFFF
26202	#FFFFFF
26203	#FFFFFF
26204	#EAEAEB
26205	#4D3275
26206	#462577
26207	#472777
26208	#472777
26209	#472777
26210	#472777
26211	#472777
26212	#472777
26213	#472777
26214	#472777
26215	#472777
26216	#472777
26217	#472777
26218	#472777
26219	#472777
26220	#472777
26221	#472777
26222	#472777
26223	#472777
26224	#472777
26225	#472777
26226	#472777
26227	#472777
26228	#472777
26229	#472777
26230	#472777
26231	#472777
26232	#472777
26233	#472777
26234	#472777
26235	#472777
26236	#472777
26237	#472777
26238	#472777
26239	#472777
26240	#472777
26241	#472777
26242	#472777
26243	#472777
26244	#472777
26245	#472777
26246	#472777
26247	#472777
26248	#472777
26249	#472777
26250	#472777
26251	#472777
26252	#472777
26253	#472777
26254	#472777
26255	#472777
26256	#472777
26257	#472777
26258	#472777
26259	#472777
26260	#472777
26261	#472777
26262	#472777
26263	#472777
26264	#472777
26265	#472777
26266	#472777
26267	#472777
26268	#472777
26269	#472676
26270	#482374
26271	#482071
26272	#481D6F
26273	#481D6F
26274	#482071
26275	#472978
26276	#443982
26277	#3B508A
26278	#31668D
26279	#287B8E
26280	#228C8D
26281	#1E968B
26282	#1E978A
26283	#218E8C
26284	#277E8E
26285	#30698D
26286	#3A528B
26287	#433B83
26288	#472A79
26289	#482071
26290	#481D6F
26291	#481D6F
26292	#482071
26293	#482374
26294	#472676
26295	#472777
26296	#472777
26297	#432275
26298	#624C83
26299	#FDFDFB
26300	#FFFFFF
26301	#FFFFFF
26302	#FFFFFF
26303	#5B5B5B
26304	#000000
26305	#000000
26306	#000000
26307	#000000
26308	#000000
26309	#000000
26310	#000000
26311	#000000
26312	#000000
26313	#000000
26314	#000000
26315	#000000
26316	#000000
26317	#000000
26318	#000000
26319	#000000
26320	#000000
26321	#000000
26322	#000000
26323	#000000
26324	#000000
26325	#000000
26326	#000000
26327	#000000
26328	#000000
26329	#000000
26330	#000000
26331	#000000
26332	#000000
26333	#000000
26334	#000000
26335	#000000
26336	#000000
26337	#000000
26338	#000000
26339	#000000
26340	#000000
26341	#000000
26342	#000000
26343	#000000
26344	#000000
26345	#000000
26346	#000000
26347	#000000
26348	#000000
26349	#000000
26350	#000000
26351	#000000
26352	#000000
26353	#000000
26354	#000000
26355	#000000
26356	#000000
26357	#000000
26358	#000000
26359	#000000
26360	#000000
26361	#000000
26362	#000000
26363	#000000
26364	#000000
26365	#000000
26366	#000000
26367	#000000
26368	#00003C
26369	#0000CA
26370	#0000BE
26371	#0000B9
26372	#0000C3
26373	#000040
26374	#001700
26375	#005000
26376	#009724
26377	#1A419F
26378	#4C007A
26379	#6F0054
26380	#7D0047
26381	#6C0058
26382	#460081
26383	#13549A
26384	#009016
26385	#004500
26386	#001000
26387	#00005F
26388	#0000C2
26389	#0000B7
26390	#0000BE
26391	#0000C5
26392	#000027
26393	#000000
26394	#000000
26395	#000000
26396	#000000
26397	#A7A7A7
26398	#FFFFFF
26399	#FFFFFF
26400	#FFFFFF
26401	#FFFFFF
26402	#FFFFFF
26403	#FFFFFF
26404	#EAEAEB
26405	#4D3275
26406	#462577
26407	#472777
26408	#472777
26409	#472777
26410	#472777
26411	#472777
26412	#472777
26413	#472777
26414	#472777
26415	#472777
26416	#472777
26417	#472777
26418	#472777
26419	#472777
26420	#472777
26421	#472777
26422	#472777
26423	#472777
26424	#472777
26425	#472777
26426	#472777
26427	#472777
26428	#472777
26429	#472777
26430	#472777
26431	#472777
26432	#472777
26433	#472777
26434	#472777
26435	#472777
26436	#472777
26437	#472777
26438	#472777
26439	#472777
26440	#472777
26441	#472777
26442	#472777
26443	#472777
26444	#472777
26445	#472777
26446	#472777
26447	#472777
26448	#472777
26449	#472777
26450	#472777
26451	#472777
26452	#472777
26453	#472777
26454	#472777
26455	#472777
26456	#472777
26457	#472777
26458	#472777
26459	#472777
26460	#472777
26461	#472777
26462	#472777
26463	#472777
26464	#472777
26465	#472777
26466	#472777
26467	#472777
26468	#472777
26469	#472676
26470	#482374
26471	#481F71
26472	#481C6E
26473	#481C6E
26474	#481F71
26475	#472978
26476	#433B84
26477	#39558B
26478	#2D6E8E
26479	#24858D
26480	#1E988A
26481	#20A585
26482	#20A585
26483	#1E9B89
26484	#23888D
26485	#2C718E
26486	#37588C
26487	#423D84
26488	#472A79
26489	#481F70
26490	#481B6D
26491	#481B6D
26492	#481E70
26493	#482273
26494	#472676
26495	#472777
26496	#472777
26497	#432275
26498	#624C83
26499	#FDFDFB
26500	#FFFFFF
26501	#FFFFFF
26502	#FFFFFF
26503	#5B5B5B
26504	#000000
26505	#000000
26506	#000000
26507	#000000
26508	#000000
26509	#000000
26510	#000000
26511	#000000
26512	#000000
26513	#000000
26514	#000000
26515	#000000
26516	#000000
26517	#000000
26518	#000000
26519	#000000
26520	#000000
26521	#000000
26522	#000000
26523	#000000
26524	#000000
26525	#000000
26526	#000000
26527	#000000
26528	#000000
26529	#000000
26530	#000000
26531	#000000
26532	#000000
26533	#000000
26534	#000000
26535	#000000
26536	#000000
26537	#000000
26538	#000000
26539	#000000
26540	#000000
26541	#000000
26542	#000000
26543	#000000
26544	#000000
26545	#000000
26546	#000000
26547	#000000
26548	#000000
26549	#000000
26550	#000000
26551	#000000
26552	#000000
26553	#000000
26554	#000000
26555	#000000
26556	#000000
26557	#000000
26558	#000000
26559	#000000
26560	#000000
26561	#000000
26562	#000000
26563	#000000
26564	#000000
26565	#000000
26566	#000000
26567	#000000
26568	#000053
26569	#0000C8
26570	#0000BA
26571	#0000B6
26572	#0000C0
26573	#00003F
26574	#001B00
26575	#005F00
26576	#049043
26577	#321298
26578	#6D0057
26579	#96002E
26580	#A7011F
26581	#910032
26582	#65005F
26583	#2A209D
26584	#01912F
26585	#005100
26586	#001204
26587	#00009D
26588	#0000BB
26589	#0000B4
26590	#0000B9
26591	#0000C9
26592	#00005B
26593	#000000
26594	#000000
26595	#000000
26596	#000000
26597	#A7A7A7
26598	#FFFFFF
26599	#FFFFFF
26600	#FFFFFF
26601	#FFFFFF
26602	#FFFFFF
26603	#FFFFFF
26604	#EAEAEB
26605	#4D3275
26606	#462577
26607	#472777
26608	#472777
26609	#472777
26610	#472777
26611	#472777
26612	#472777
26613	#472777
26614	#472777
26615	#472777
26616	#472777
26617	#472777
26618	#472777
26619	#472777
26620	#472777
26621	#472777
26622	#472777
26623	#472777
26624	#472777
26625	#472777
26626	#472777
26627	#472777
26628	#472777
26629	#472777
26630	#472777
26631	#472777
26632	#472777
26633	#472777
26634	#472777
26635	#472777
26636	#472777
26637	#472777
26638	#472777
26639	#472777
26640	#472777
26641	#472777
26642	#472777
26643	#472777
26644	#472777
26645	#472777
26646	#472777
26647	#472777
26648	#472777
26649	#472777
26650	#472777
26651	#472777
26652	#472777
26653	#472777
26654	#472777
26655	#472777
26656	#472777
26657	#472777
26658	#472777
26659	#472777
26660	#472777
26661	#472777
26662	#472777
26663	#472777
26664	#472777
26665	#472777
26666	#472777
26667	#472777
26668	#472777
26669	#472676
26670	#482273
26671	#481E70
26672	#481B6D
26673	#481A6C
26674	#481E70
26675	#472979
26676	#423E84
26677	#37598C
26678	#2B748E
26679	#218E8C
26680	#20A386
26681	#2AB07E
26682	#2BB17D
26683	#21A585
26684	#20918C
26685	#29788E
26686	#365C8C
26687	#414085
26688	#472A79
26689	#481E70
26690	#481A6C
26691	#481A6C
26692	#481E6F
26693	#482273
26694	#472676
26695	#472777
26696	#472777
26697	#432275
26698	#624C83
26699	#FDFDFB
26700	#FFFFFF
26701	#FFFFFF
26702	#FFFFFF
26703	#5B5B5B
26704	#000000
26705	#000000
26706	#000000
26707	#000000
26708	#000000
26709	#000000
26710	#000000
26711	#000000
26712	#000000
26713	#000000
26714	#000000
26715	#000000
26716	#000000
26717	#000000
26718	#000000
26719	#000000
26720	#000000
26721	#000000
26722	#000000
26723	#000000
26724	#000000
26725	#000000
26726	#000000
26727	#000000
26728	#000000
26729	#000000
26730	#000000
26731	#000000
26732	#000000
26733	#000000
26734	#000000
26735	#000000
26736	#000000
26737	#000000
26738	#000000
26739	#000000
26740	#000000
26741	#000000
26742	#000000
26743	#000000
26744	#000000
26745	#000000
26746	#000000
26747	#000000
26748	#000000
26749	#000000
26750	#000000
26751	#000000
26752	#000000
26753	#000000
26754	#000000
26755	#000000
26756	#000000
26757	#000000
26758	#000000
26759	#000000
26760	#000000
26761	#000000
26762	#000000
26763	#000000
26764	#000000
26765	#000000
26766	#000000
26767	#000000
26768	#00008E
26769	#0000C7
26770	#0000B7
26771	#0000B2
26772	#0000BD
26773	#00003F
26774	#001F00
26775	#006D00
26776	#0A6F78
26777	#470082
26778	#87003C
26779	#B42910
26780	#B58F03
26781	#B01A15
26782	#7F0045
26783	#3D018D
26784	#057C67
26785	#005D00
26786	#001505
26787	#0000A4
26788	#0000BA
26789	#0000B2
26790	#0000B7
26791	#0000CA
26792	#000079
26793	#000000
26794	#000000
26795	#000000
26796	#000000
26797	#A7A7A7
26798	#FFFFFF
26799	#FFFFFF
26800	#FFFFFF
26801	#FFFFFF
26802	#FFFFFF
26803	#FFFFFF
26804	#EAEAEB
26805	#4D3275
26806	#462577
26807	#472777
26808	#472777
26809	#472777
26810	#472777
26811	#472777
26812	#472777
26813	#472777
26814	#472777
26815	#472777
26816	#472777
26817	#472777
26818	#472777
26819	#472777
26820	#472777
26821	#472777
26822	#472777
26823	#472777
26824	#472777
26825	#472777
26826	#472777
26827	#472777
26828	#472777
26829	#472777
26830	#472777
26831	#472777
26832	#472777
26833	#472777
26834	#472777
26835	#472777
26836	#472777
26837	#472777
26838	#472777
26839	#472777
26840	#472777
26841	#472777
26842	#472777
26843	#472777
26844	#472777
26845	#472777
26846	#472777
26847	#472777
26848	#472777
26849	#472777
26850	#472777
26851	#472777
26852	#472777
26853	#472777
26854	#472777
26855	#472777
26856	#472777
26857	#472777
26858	#472777
26859	#472777
26860	#472777
26861	#472777
26862	#472777
26863	#472777
26864	#472777
26865	#472777
26866	#472777
26867	#472777
26868	#472777
26869	#472676
26870	#482273
26871	#481D6F
26872	#481A6C
26873	#481A6C
26874	#481E70
26875	#472A79
26876	#413F85
26877	#365B8C
26878	#29788E
26879	#1F938B
26880	#24AA82
26881	#34B778
26882	#36B877
26883	#26AC81
26884	#1F978A
26885	#277C8E
26886	#345F8D
26887	#414286
26888	#472B7A
26889	#481E70
26890	#481A6C
26891	#481A6C
26892	#481E6F
26893	#482273
26894	#472676
26895	#472777
26896	#472777
26897	#432275
26898	#624C83
26899	#FDFDFB
26900	#FFFFFF
26901	#FFFFFF
26902	#FFFFFF
26903	#5B5B5B
26904	#000000
26905	#000000
26906	#000000
26907	#000000
26908	#000000
26909	#000000
26910	#000000
26911	#000000
26912	#000000
26913	#000000
26914	#000000
26915	#000000
26916	#000000
26917	#000000
26918	#000000
26919	#000000
26920	#000000
26921	#000000
26922	#000000
26923	#000000
26924	#000000
26925	#000000
26926	#000000
26927	#000000
26928	#000000
26929	#000000
26930	#000000
26931	#000000
26932	#000000
26933	#000000
26934	#000000
26935	#000000
26936	#000000
26937	#000000
26938	#000000
26939	#000000
26940	#000000
26941	#000000
26942	#000000
26943	#000000
26944	#000000
26945	#000000
26946	#000000
26947	#000000
26948	#000000
26949	#000000
26950	#000000
26951	#000000
26952	#000000
26953	#000000
26954	#000000
26955	#000000
26956	#000000
26957	#000000
26958	#000000
26959	#000000
26960	#000000
26961	#000000
26962	#000000
26963	#000000
26964	#000000
26965	#000000
26966	#000000
26967	#000000
26968	#00008D
26969	#0000C6
26970	#0000B4
26971	#0000B0
26972	#0000BB
26973	#00003F
26974	#002100
26975	#007400
26976	#0F7682
26977	#550075
26978	#9E012B
26979	#8A7C02
26980	#1CC000
26981	#996805
26982	#950033
26983	#4A0181
26984	#0A8472
26985	#006400
26986	#001803
26987	#00008C
26988	#0000BB
26989	#0000B2
26990	#0000B7
26991	#0000CA
26992	#000076
26993	#000000
26994	#000000
26995	#000000
26996	#000000
26997	#A7A7A7
26998	#FFFFFF
26999	#FFFFFF
27000	#FFFFFF
27001	#FFFFFF
27002	#FFFFFF
27003	#FFFFFF
27004	#EAEAEB
27005	#4D3275
27006	#462577
27007	#472777
27008	#472777
27009	#472777
27010	#472777
27011	#472777
27012	#472777
27013	#472777
27014	#472777
27015	#472777
27016	#472777
27017	#472777
27018	#472777
27019	#472777
27020	#472777
27021	#472777
27022	#472777
27023	#472777
27024	#472777
27025	#472777
27026	#472777
27027	#472777
27028	#472777
27029	#472777
27030	#472777
27031	#472777
27032	#472777
27033	#472777
27034	#472777
27035	#472777
27036	#472777
27037	#472777
27038	#472777
27039	#472777
27040	#472777
27041	#472777
27042	#472777
27043	#472777
27044	#472777
27045	#472777
27046	#472777
27047	#472777
27048	#472777
27049	#472777
27050	#472777
27051	#472777
27052	#472777
27053	#472777
27054	#472777
27055	#472777
27056	#472777
27057	#472777
27058	#472777
27059	#472777
27060	#472777
27061	#472777
27062	#472777
27063	#472777
27064	#472777
27065	#472777
27066	#472777
27067	#472777
27068	#472777
27069	#472676
27070	#482273
27071	#481D6F
27072	#481A6C
27073	#481A6C
27074	#481E70
27075	#472A79
27076	#413F85
27077	#365C8C
27078	#29798E
27079	#1F948B
27080	#25AB81
27081	#36B877
27082	#38B976
27083	#27AD80
27084	#1F988A
27085	#277D8E
27086	#34608D
27087	#404386
27088	#462D7B
27089	#482071
27090	#481B6D
27091	#481B6D
27092	#481E70
27093	#482273
27094	#472676
27095	#472777
27096	#472777
27097	#432275
27098	#624C83
27099	#FDFDFB
27100	#FFFFFF
27101	#FFFFFF
27102	#FFFFFF
27103	#5B5B5B
27104	#000000
27105	#000000
27106	#000000
27107	#000000
27108	#000000
27109	#000000
27110	#000000
27111	#000000
27112	#000000
27113	#000000
27114	#000000
27115	#000000
27116	#000000
27117	#000000
27118	#000000
27119	#000000
27120	#000000
27121	#000000
27122	#000000
27123	#000000
27124	#000000
27125	#000000
27126	#000000
27127	#000000
27128	#000000
27129	#000000
27130	#000000
27131	#000000
27132	#000000
27133	#000000
27134	#000000
27135	#000000
27136	#000000
27137	#000000
27138	#000000
27139	#000000
27140	#000000
27141	#000000
27142	#000000
27143	#000000
27144	#000000
27145	#000000
27146	#000000
27147	#000000
27148	#000000
27149	#000000
27150	#000000
27151	#000000
27152	#000000
27153	#000000
27154	#000000
27155	#000000
27156	#000000
27157	#000000
27158	#000000
27159	#000000
27160	#000000
27161	#000000
27162	#000000
27163	#000000
27164	#000000
27165	#000000
27166	#000000
27167	#000000
27168	#00008D
27169	#0000C6
27170	#0000B4
27171	#0000B0
27172	#0000BB
27173	#00003F
27174	#002100
27175	#007500
27176	#107780
27177	#570073
27178	#A30228
27179	#6F9901
27180	#00B900
27181	#858703
27182	#9A0030
27183	#4E017D
27184	#0C876E
27185	#006900
27186	#001B00
27187	#000057
27188	#0000C1
27189	#0000B3
27190	#0000B8
27191	#0000CB
27192	#000079
27193	#000000
27194	#000000
27195	#000000
27196	#000000
27197	#A7A7A7
27198	#FFFFFF
27199	#FFFFFF
27200	#FFFFFF
27201	#FFFFFF
27202	#FFFFFF
27203	#FFFFFF
27204	#EAEAEB
27205	#4D3275
27206	#462577
27207	#472777
27208	#472777
27209	#472777
27210	#472777
27211	#472777
27212	#472777
27213	#472777
27214	#472777
27215	#472777
27216	#472777
27217	#472777
27218	#472777
27219	#472777
27220	#472777
27221	#472777
27222	#472777
27223	#472777
27224	#472777
27225	#472777
27226	#472777
27227	#472777
27228	#472777
27229	#472777
27230	#472777
27231	#472777
27232	#472777
27233	#472777
27234	#472777
27235	#472777
27236	#472777
27237	#472777
27238	#472777
27239	#472777
27240	#472777
27241	#472777
27242	#472777
27243	#472777
27244	#472777
27245	#472777
27246	#472777
27247	#472777
27248	#472777
27249	#472777
27250	#472777
27251	#472777
27252	#472777
27253	#472777
27254	#472777
27255	#472777
27256	#472777
27257	#472777
27258	#472777
27259	#472777
27260	#472777
27261	#472777
27262	#472777
27263	#472777
27264	#472777
27265	#472777
27266	#472777
27267	#472777
27268	#472777
27269	#472676
27270	#482273
27271	#481E6F
27272	#481A6C
27273	#481A6C
27274	#481E70
27275	#472A79
27276	#423E84
27277	#365A8C
27278	#2A768E
27279	#20908C
27280	#21A684
27281	#2EB37C
27282	#2FB47B
27283	#23A983
27284	#1F948B
27285	#277B8E
27286	#34608D
27287	#404487
27288	#462F7D
27289	#482374
27290	#481E70
27291	#481D6F
27292	#482071
27293	#482374
27294	#472676
27295	#472777
27296	#472777
27297	#432275
27298	#624C83
27299	#FDFDFB
27300	#FFFFFF
27301	#FFFFFF
27302	#FFFFFF
27303	#5B5B5B
27304	#000000
27305	#000000
27306	#000000
27307	#000000
27308	#000000
27309	#000000
27310	#000000
27311	#000000
27312	#000000
27313	#000000
27314	#000000
27315	#000000
27316	#000000
27317	#000000
27318	#000000
27319	#000000
27320	#000000
27321	#000000
27322	#000000
27323	#000000
27324	#000000
27325	#000000
27326	#000000
27327	#000000
27328	#000000
27329	#000000
27330	#000000
27331	#000000
27332	#000000
27333	#000000
27334	#000000
27335	#000000
27336	#000000
27337	#000000
27338	#000000
27339	#000000
27340	#000000
27341	#000000
27342	#000000
27343	#000000
27344	#000000
27345	#000000
27346	#000000
27347	#000000
27348	#000000
27349	#000000
27350	#000000
27351	#000000
27352	#000000
27353	#000000
27354	#000000
27355	#000000
27356	#000000
27357	#000000
27358	#000000
27359	#000000
27360	#000000
27361	#000000
27362	#000000
27363	#000000
27364	#000000
27365	#000000
27366	#000000
27367	#000000
27368	#000090
27369	#0000C7
27370	#0000B5
27371	#0000B1
27372	#0000BC
27373	#00003F
27374	#002000
27375	#007000
27376	#0B7084
27377	#4C007D
27378	#910035
27379	#9E5A09
27380	#7EB500
27381	#A3470C
27382	#8C003A
27383	#480183
27384	#0A8670
27385	#006B00
27386	#002100
27387	#000146
27388	#0000C5
27389	#0000BC
27390	#0000C0
27391	#0000CC
27392	#000045
27393	#000000
27394	#000000
27395	#000000
27396	#000000
27397	#A7A7A7
27398	#FFFFFF
27399	#FFFFFF
27400	#FFFFFF
27401	#FFFFFF
27402	#FFFFFF
27403	#FFFFFF
27404	#EAEAEB
27405	#4D3275
27406	#462577
27407	#472777
27408	#472777
27409	#472777
27410	#472777
27411	#472777
27412	#472777
27413	#472777
27414	#472777
27415	#472777
27416	#472777
27417	#472777
27418	#472777
27419	#472777
27420	#472777
27421	#472777
27422	#472777
27423	#472777
27424	#472777
27425	#472777
27426	#472777
27427	#472777
27428	#472777
27429	#472777
27430	#472777
27431	#472777
27432	#472777
27433	#472777
27434	#472777
27435	#472777
27436	#472777
27437	#472777
27438	#472777
27439	#472777
27440	#472777
27441	#472777
27442	#472777
27443	#472777
27444	#472777
27445	#472777
27446	#472777
27447	#472777
27448	#472777
27449	#472777
27450	#472777
27451	#472777
27452	#472777
27453	#472777
27454	#472777
27455	#472777
27456	#472777
27457	#472777
27458	#472777
27459	#472777
27460	#472777
27461	#472777
27462	#472777
27463	#472777
27464	#472777
27465	#472777
27466	#472777
27467	#472777
27468	#472777
27469	#472676
27470	#482273
27471	#481F70
27472	#481C6E
27473	#481B6D
27474	#481F71
27475	#472979
27476	#433C84
27477	#38568C
27478	#2C708E
27479	#23888D
27480	#1E9D89
27481	#23A983
27482	#24AA82
27483	#1FA087
27484	#218E8C
27485	#29788E
27486	#345E8C
27487	#3F4587
27488	#46327F
27489	#472777
27490	#482273
27491	#482172
27492	#482273
27493	#472475
27494	#472777
27495	#472777
27496	#472777
27497	#432174
27498	#624C82
27499	#FDFDFB
27500	#FFFFFF
27501	#FFFFFF
27502	#FFFFFF
27503	#5B5B5B
27504	#000000
27505	#000000
27506	#000000
27507	#000000
27508	#000000
27509	#000000
27510	#000000
27511	#000000
27512	#000000
27513	#000000
27514	#000000
27515	#000000
27516	#000000
27517	#000000
27518	#000000
27519	#000000
27520	#000000
27521	#000000
27522	#000000
27523	#000000
27524	#000000
27525	#000000
27526	#000000
27527	#000000
27528	#000000
27529	#000000
27530	#000000
27531	#000000
27532	#000000
27533	#000000
27534	#000000
27535	#000000
27536	#000000
27537	#000000
27538	#000000
27539	#000000
27540	#000000
27541	#000000
27542	#000000
27543	#000000
27544	#000000
27545	#000000
27546	#000000
27547	#000000
27548	#000000
27549	#000000
27550	#000000
27551	#000000
27552	#000000
27553	#000000
27554	#000000
27555	#000000
27556	#000000
27557	#000000
27558	#000000
27559	#000000
27560	#000000
27561	#000000
27562	#000000
27563	#000000
27564	#000000
27565	#000000
27566	#000000
27567	#000000
27568	#00006A
27569	#0000C8
27570	#0000B9
27571	#0000B4
27572	#0000BF
27573	#00003F
27574	#001C00
27575	#006300
27576	#06824E
27577	#390B91
27578	#76004D
27579	#A40123
27580	#B91C13
27581	#A10025
27582	#75004F
27583	#3A0091
27584	#058077
27585	#006B00
27586	#002800
27587	#000603
27588	#00005E
27589	#0000C8
27590	#0000C4
27591	#000073
27592	#000005
27593	#000000
27594	#000000
27595	#000000
27596	#000000
27597	#A7A7A7
27598	#FFFFFF
27599	#FFFFFF
27600	#FFFFFF
27601	#FFFFFF
27602	#FFFFFF
27603	#FFFFFF
27604	#EAEAEB
27605	#4D3275
27606	#462577
27607	#472777
27608	#472777
27609	#472777
27610	#472777
27611	#472777
27612	#472777
27613	#472777
27614	#472777
27615	#472777
27616	#472777
27617	#472777
27618	#472777
27619	#472777
27620	#472777
27621	#472777
27622	#472777
27623	#472777
27624	#472777
27625	#472777
27626	#472777
27627	#472777
27628	#472777
27629	#472777
27630	#472777
27631	#472777
27632	#472777
27633	#472777
27634	#472777
27635	#472777
27636	#472777
27637	#472777
27638	#472777
27639	#472777
27640	#472777
27641	#472777
27642	#472777
27643	#472777
27644	#472777
27645	#472777
27646	#472777
27647	#472777
27648	#472777
27649	#472777
27650	#472777
27651	#472777
27652	#472777
27653	#472777
27654	#472777
27655	#472777
27656	#472777
27657	#472777
27658	#472777
27659	#472777
27660	#472777
27661	#472777
27662	#472777
27663	#472777
27664	#472777
27665	#472777
27666	#472777
27667	#472777
27668	#472777
27669	#472676
27670	#482374
27671	#482071
27672	#481D6F
27673	#481D6F
27674	#482071
27675	#472978
27676	#433A83
27677	#3B518A
27678	#2F698E
27679	#277E8E
27680	#20918C
27681	#1E9C89
27682	#1E9D88
27683	#1F948B
27684	#24858E
27685	#2C718E
27686	#355C8C
27687	#3F4788
27688	#453681
27689	#472C7B
27690	#472777
27691	#472575
27692	#472575
27693	#472676
27694	#472777
27695	#472777
27696	#472676
27697	#432174
27698	#624C82
27699	#FDFDFB
27700	#FFFFFF
27701	#FFFFFF
27702	#FFFFFF
27703	#5B5B5B
27704	#000000
27705	#000000
27706	#000000
27707	#000000
27708	#000000
27709	#000000
27710	#000000
27711	#000000
27712	#000000
27713	#000000
27714	#000000
27715	#000000
27716	#000000
27717	#000000
27718	#000000
27719	#000000
27720	#000000
27721	#000000
27722	#000000
27723	#000000
27724	#000000
27725	#000000
27726	#000000
27727	#000000
27728	#000000
27729	#000000
27730	#000000
27731	#000000
27732	#000000
27733	#000000
27734	#000000
27735	#000000
27736	#000000
27737	#000000
27738	#000000
27739	#000000
27740	#000000
27741	#000000
27742	#000000
27743	#000000
27744	#000000
27745	#000000
27746	#000000
27747	#000000
27748	#000000
27749	#000000
27750	#000000
27751	#000000
27752	#000000
27753	#000000
27754	#000000
27755	#000000
27756	#000000
27757	#000000
27758	#000000
27759	#000000
27760	#000000
27761	#000000
27762	#000000
27763	#000000
27764	#000000
27765	#000000
27766	#000000
27767	#000000
27768	#00003B
27769	#0000C9
27770	#0000BC
27771	#0000B8
27772	#0000C2
27773	#000040
27774	#001800
27775	#005400
27776	#019932
27777	#212CA3
27778	#57006D
27779	#7D0046
27780	#8C0038
27781	#7E0046
27782	#5A006A
27783	#271BA0
27784	#029549
27785	#006700
27786	#003000
27787	#000F00
27788	#000100
27789	#00003E
27790	#00002E
27791	#000000
27792	#000000
27793	#000000
27794	#000000
27795	#000000
27796	#000000
27797	#A7A7A7
27798	#FFFFFF
27799	#FFFFFF
27800	#FFFFFF
27801	#FFFFFF
27802	#FFFFFF
27803	#FFFFFF
27804	#EAEAEB
27805	#4D3275
27806	#462577
27807	#472777
27808	#472777
27809	#472777
27810	#472777
27811	#472777
27812	#472777
27813	#472777
27814	#472777
27815	#472777
27816	#472777
27817	#472777
27818	#472777
27819	#472777
27820	#472777
27821	#472777
27822	#472777
27823	#472777
27824	#472777
27825	#472777
27826	#472777
27827	#472777
27828	#472777
27829	#472777
27830	#472777
27831	#472777
27832	#472777
27833	#472777
27834	#472777
27835	#472777
27836	#472777
27837	#472777
27838	#472777
27839	#472777
27840	#472777
27841	#472777
27842	#472777
27843	#472777
27844	#472777
27845	#472777
27846	#472777
27847	#472777
27848	#472777
27849	#472777
27850	#472777
27851	#472777
27852	#472777
27853	#472777
27854	#472777
27855	#472777
27856	#472777
27857	#472777
27858	#472777
27859	#472777
27860	#472777
27861	#472777
27862	#472777
27863	#472777
27864	#472777
27865	#472777
27866	#472777
27867	#472777
27868	#472777
27869	#472676
27870	#482474
27871	#482172
27872	#481E70
27873	#481E70
27874	#482172
27875	#472978
27876	#443881
27877	#3D4C89
27878	#33608D
27879	#2B738E
27880	#25838D
27881	#218C8D
27882	#218E8C
27883	#23878D
27884	#287B8E
27885	#2E6B8E
27886	#37598C
27887	#3E4788
27888	#443982
27889	#46307E
27890	#472B7A
27891	#472878
27892	#472777
27893	#472777
27894	#472777
27895	#472777
27896	#472676
27897	#432073
27898	#624B81
27899	#FDFDFB
27900	#FFFFFF
27901	#FFFFFF
27902	#FFFFFF
27903	#5B5B5B
27904	#000000
27905	#000000
27906	#000000
27907	#000000
27908	#000000
27909	#000000
27910	#000000
27911	#000000
27912	#000000
27913	#000000
27914	#000000
27915	#000000
27916	#000000
27917	#000000
27918	#000000
27919	#000000
27920	#000000
27921	#000000
27922	#000000
27923	#000000
27924	#000000
27925	#000000
27926	#000000
27927	#000000
27928	#000000
27929	#000000
27930	#000000
27931	#000000
27932	#000000
27933	#000000
27934	#000000
27935	#000000
27936	#000000
27937	#000000
27938	#000000
27939	#000000
27940	#000000
27941	#000000
27942	#000000
27943	#000000
27944	#000000
27945	#000000
27946	#000000
27947	#000000
27948	#000000
27949	#000000
27950	#000000
27951	#000000
27952	#000000
27953	#000000
27954	#000000
27955	#000000
27956	#000000
27957	#000000
27958	#000000
27959	#000000
27960	#000000
27961	#000000
27962	#000000
27963	#000000
27964	#000000
27965	#000000
27966	#000000
27967	#000000
27968	#000040
27969	#0000CC
27970	#0000BF
27971	#0000BD
27972	#0000C6
27973	#000041
27974	#001500
27975	#004600
27976	#008B05
27977	#0B7881
27978	#350095
27979	#56006E
27980	#630061
27981	#59006B
27982	#3B0089
27983	#134CAF
27984	#009E27
27985	#006200
27986	#003500
27987	#001A00
27988	#000A00
27989	#000200
27990	#000000
27991	#000000
27992	#000000
27993	#000000
27994	#000000
27995	#000000
27996	#000000
27997	#A7A7A7
27998	#FFFFFF
27999	#FFFFFF
28000	#FFFFFF
28001	#FFFFFF
28002	#FFFFFF
28003	#FFFFFF
28004	#EAEAEB
28005	#4D3275
28006	#462577
28007	#472777
28008	#472777
28009	#472777
28010	#472777
28011	#472777
28012	#472777
28013	#472777
28014	#472777
28015	#472777
28016	#472777
28017	#472777
28018	#472777
28019	#472777
28020	#472777
28021	#472777
28022	#472777
28023	#472777
28024	#472777
28025	#472777
28026	#472777
28027	#472777
28028	#472777
28029	#472777
28030	#472777
28031	#472777
28032	#472777
28033	#472777
28034	#472777
28035	#472777
28036	#472777
28037	#472777
28038	#472777
28039	#472777
28040	#472777
28041	#472777
28042	#472777
28043	#472777
28044	#472777
28045	#472777
28046	#472777
28047	#472777
28048	#472777
28049	#472777
28050	#472777
28051	#472777
28052	#472777
28053	#472777
28054	#472777
28055	#472777
28056	#472777
28057	#472777
28058	#472777
28059	#472777
28060	#472777
28061	#472777
28062	#472777
28063	#472777
28064	#472777
28065	#472777
28066	#472777
28067	#472777
28068	#472777
28069	#472777
28070	#472575
28071	#482272
28072	#482071
28073	#482071
28074	#482273
28075	#472878
28076	#453580
28077	#3F4688
28078	#37588C
28079	#2F698D
28080	#2A768E
28081	#277E8E
28082	#26808E
28083	#287B8E
28084	#2C718E
28085	#31648D
28086	#39558B
28087	#3F4788
28088	#433B83
28089	#453480
28090	#462F7D
28091	#472C7B
28092	#472A79
28093	#472878
28094	#472878
28095	#472777
28096	#472676
28097	#432073
28098	#624B81
28099	#FDFDFB
28100	#FFFFFF
28101	#FFFFFF
28102	#FFFFFF
28103	#5B5B5B
28104	#000000
28105	#000000
28106	#000000
28107	#000000
28108	#000000
28109	#000000
28110	#000000
28111	#000000
28112	#000000
28113	#000000
28114	#000000
28115	#000000
28116	#000000
28117	#000000
28118	#000000
28119	#000000
28120	#000000
28121	#000000
28122	#000000
28123	#000000
28124	#000000
28125	#000000
28126	#000000
28127	#000000
28128	#000000
28129	#000000
28130	#000000
28131	#000000
28132	#000000
28133	#000000
28134	#000000
28135	#000000
28136	#000000
28137	#000000
28138	#000000
28139	#000000
28140	#000000
28141	#000000
28142	#000000
28143	#000000
28144	#000000
28145	#000000
28146	#000000
28147	#000000
28148	#000000
28149	#000000
28150	#000000
28151	#000000
28152	#000000
28153	#000000
28154	#000000
28155	#000000
28156	#000000
28157	#000000
28158	#000000
28159	#000000
28160	#000000
28161	#000000
28162	#000000
28163	#000000
28164	#000000
28165	#000000
28166	#000000
28167	#000000
28168	#00001B
28169	#0000B6
28170	#0000C5
28171	#0000C1
28172	#0000C9
28173	#000042
28174	#001000
28175	#003A00
28176	#006F00
28177	#01A031
28178	#1541AF
28179	#310095
28180	#3D0087
28181	#35008E
28182	#1E1FAC
28183	#049B83
28184	#008E04
28185	#005D00
28186	#003900
28187	#002200
28188	#001400
28189	#000A00
28190	#000400
28191	#000100
28192	#000000
28193	#000000
28194	#000000
28195	#000000
28196	#000000
28197	#A7A7A7
28198	#FFFFFF
28199	#FFFFFF
28200	#FFFFFF
28201	#FFFFFF
28202	#FFFFFF
28203	#FFFFFF
28204	#EAEAEB
28205	#4D3275
28206	#462577
28207	#472777
28208	#472777
28209	#472777
28210	#472777
28211	#472777
28212	#472777
28213	#472777
28214	#472777
28215	#472777
28216	#472777
28217	#472777
28218	#472777
28219	#472777
28220	#472777
28221	#472777
28222	#472777
28223	#472777
28224	#472777
28225	#472777
28226	#472777
28227	#472777
28228	#472777
28229	#472777
28230	#472777
28231	#472777
28232	#472777
28233	#472777
28234	#472777
28235	#472777
28236	#472777
28237	#472777
28238	#472777
28239	#472777
28240	#472777
28241	#472777
28242	#472777
28243	#472777
28244	#472777
28245	#472777
28246	#472777
28247	#472777
28248	#472777
28249	#472777
28250	#472777
28251	#472777
28252	#472777
28253	#472777
28254	#472777
28255	#472777
28256	#472777
28257	#472777
28258	#472777
28259	#472777
28260	#472777
28261	#472777
28262	#472777
28263	#472777
28264	#472777
28265	#472777
28266	#472777
28267	#472777
28268	#472777
28269	#472777
28270	#472575
28271	#482374
28272	#482172
28273	#482172
28274	#482273
28275	#472878
28276	#45337F
28277	#414186
28278	#3A528B
28279	#33608D
28280	#2E6C8E
28281	#2B738E
28282	#2A758E
28283	#2C718E
28284	#30688E
28285	#355E8D
28286	#3A518B
28287	#3F4687
28288	#433C84
28289	#453681
28290	#46317E
28291	#462D7C
28292	#472B7A
28293	#472A79
28294	#472878
28295	#472777
28296	#472676
28297	#432073
28298	#624B81
28299	#FDFDFB
28300	#FFFFFF
28301	#FFFFFF
28302	#FFFFFF
28303	#5B5B5B
28304	#000000
28305	#000000
28306	#000000
28307	#000000
28308	#000000
28309	#000000
28310	#000000
28311	#000000
28312	#000000
28313	#000000
28314	#000000
28315	#000000
28316	#000000
28317	#000000
28318	#000000
28319	#000000
28320	#000000
28321	#000000
28322	#000000
28323	#000000
28324	#000000
28325	#000000
28326	#000000
28327	#000000
28328	#000000
28329	#000000
28330	#000000
28331	#000000
28332	#000000
28333	#000000
28334	#000000
28335	#000000
28336	#000000
28337	#000000
28338	#000000
28339	#000000
28340	#000000
28341	#000000
28342	#000000
28343	#000000
28344	#000000
28345	#000000
28346	#000000
28347	#000000
28348	#000000
28349	#000000
28350	#000000
28351	#000000
28352	#000000
28353	#000000
28354	#000000
28355	#000000
28356	#000000
28357	#000000
28358	#000000
28359	#000000
28360	#000000
28361	#000000
28362	#000000
28363	#000000
28364	#000000
28365	#000000
28366	#000000
28367	#000000
28368	#000004
28369	#0000AA
28370	#0000CB
28371	#0000C3
28372	#0000CC
28373	#000044
28374	#000D00
28375	#003100
28376	#005C00
28377	#008D02
28378	#02AD6A
28379	#1148BC
28380	#1D13AB
28381	#172AB4
28382	#07A0AA
28383	#00A617
28384	#007A00
28385	#005800
28386	#003A00
28387	#002600
28388	#001900
28389	#000E00
28390	#000800
28391	#000400
28392	#000000
28393	#000000
28394	#000000
28395	#000000
28396	#000000
28397	#A7A7A7
28398	#FFFFFF
28399	#FFFFFF
28400	#FFFFFF
28401	#FFFFFF
28402	#FFFFFF
28403	#FFFFFF
28404	#EAEAEB
28405	#4D3275
28406	#462577
28407	#472777
28408	#472777
28409	#472777
28410	#472777
28411	#472777
28412	#472777
28413	#472777
28414	#472777
28415	#472777
28416	#472777
28417	#472777
28418	#472777
28419	#472777
28420	#472777
28421	#472777
28422	#472777
28423	#472777
28424	#472777
28425	#472777
28426	#472777
28427	#472777
28428	#472777
28429	#472777
28430	#472777
28431	#472777
28432	#472777
28433	#472777
28434	#472777
28435	#472777
28436	#472777
28437	#472777
28438	#472777
28439	#472777
28440	#472777
28441	#472777
28442	#472777
28443	#472777
28444	#472777
28445	#472777
28446	#472777
28447	#472777
28448	#472777
28449	#472777
28450	#472777
28451	#472777
28452	#472777
28453	#472777
28454	#472777
28455	#472777
28456	#472777
28457	#472777
28458	#472777
28459	#472777
28460	#472777
28461	#472777
28462	#472777
28463	#472777
28464	#472777
28465	#472777
28466	#472777
28467	#472777
28468	#472777
28469	#472777
28470	#472575
28471	#482374
28472	#482273
28473	#482273
28474	#482374
28475	#472878
28476	#46317E
28477	#423E85
28478	#3D4C89
28479	#37598C
28480	#32638D
28481	#2F698D
28482	#2F6B8E
28483	#30688D
28484	#33618D
28485	#37588C
28486	#3C4D8A
28487	#404387
28488	#433A83
28489	#453580
28490	#46317E
28491	#462D7C
28492	#472B7A
28493	#472A79
28494	#472878
28495	#472777
28496	#472676
28497	#432073
28498	#624B81
28499	#FDFDFB
28500	#FFFFFF
28501	#FFFFFF
28502	#FFFFFF
28503	#5B5B5B
28504	#000000
28505	#000000
28506	#000000
28507	#000000
28508	#000000
28509	#000000
28510	#000000
28511	#000000
28512	#000000
28513	#000000
28514	#000000
28515	#000000
28516	#000000
28517	#000000
28518	#000000
28519	#000000
28520	#000000
28521	#000000
28522	#000000
28523	#000000
28524	#000000
28525	#000000
28526	#000000
28527	#000000
28528	#000000
28529	#000000
28530	#000000
28531	#000000
28532	#000000
28533	#000000
28534	#000000
28535	#000000
28536	#000000
28537	#000000
28538	#000000
28539	#000000
28540	#000000
28541	#000000
28542	#000000
28543	#000000
28544	#000000
28545	#000000
28546	#000000
28547	#000000
28548	#000000
28549	#000000
28550	#000000
28551	#000000
28552	#000000
28553	#000000
28554	#000000
28555	#000000
28556	#000000
28557	#000000
28558	#000000
28559	#000000
28560	#000000
28561	#000000
28562	#000000
28563	#000000
28564	#000000
28565	#000000
28566	#000000
28567	#000000
28568	#000007
28569	#000098
28570	#0000C7
28571	#0000C8
28572	#0000C5
28573	#000034
28574	#000B00
28575	#002A00
28576	#004E00
28577	#007500
28578	#009C0F
28579	#01B06A
28580	#04AD9E
28581	#03B0A1
28582	#00AA39
28583	#008B00
28584	#006C00
28585	#004F00
28586	#003500
28587	#002400
28588	#001800
28589	#000F00
28590	#000900
28591	#000400
28592	#000000
28593	#000000
28594	#000000
28595	#000000
28596	#000000
28597	#A7A7A7
28598	#FFFFFF
28599	#FFFFFF
28600	#FFFFFF
28601	#FFFFFF
28602	#FFFFFF
28603	#FFFFFF
28604	#EAEAEB
28605	#4D3275
28606	#462577
28607	#472777
28608	#472777
28609	#472777
28610	#472777
28611	#472777
28612	#472777
28613	#472777
28614	#472777
28615	#472777
28616	#472777
28617	#472777
28618	#472777
28619	#472777
28620	#472777
28621	#472777
28622	#472777
28623	#472777
28624	#472777
28625	#472777
28626	#472777
28627	#472777
28628	#472777
28629	#472777
28630	#472777
28631	#472777
28632	#472777
28633	#472777
28634	#472777
28635	#472777
28636	#472777
28637	#472777
28638	#472777
28639	#472777
28640	#472777
28641	#472777
28642	#472777
28643	#472777
28644	#472777
28645	#472777
28646	#472777
28647	#472777
28648	#472777
28649	#472777
28650	#472777
28651	#472777
28652	#472777
28653	#472777
28654	#472777
28655	#472777
28656	#472777
28657	#472777
28658	#472777
28659	#472777
28660	#472777
28661	#472777
28662	#472777
28663	#472777
28664	#472777
28665	#472777
28666	#472777
28667	#472777
28668	#472777
28669	#472777
28670	#472575
28671	#472475
28672	#482273
28673	#482273
28674	#482474
28675	#472878
28676	#46307D
28677	#433B83
28678	#3F4688
28679	#3A528B
28680	#365B8C
28681	#33608D
28682	#33628D
28683	#345F8D
28684	#37598C
28685	#3B518A
28686	#3F4788
28687	#423F85
28688	#443781
28689	#45337F
28690	#462F7C
28691	#472C7B
28692	#472A79
28693	#472979
28694	#472878
28695	#472777
28696	#472676
28697	#432073
28698	#624B81
28699	#FDFDFB
28700	#FFFFFF
28701	#FFFFFF
28702	#FFFFFF
28703	#5B5B5B
28704	#000000
28705	#000000
28706	#000000
28707	#000000
28708	#000000
28709	#000000
28710	#000000
28711	#000000
28712	#000000
28713	#000000
28714	#000000
28715	#000000
28716	#000000
28717	#000000
28718	#000000
28719	#000000
28720	#000000
28721	#000000
28722	#000000
28723	#000000
28724	#000000
28725	#000000
28726	#000000
28727	#000000
28728	#000000
28729	#000000
28730	#000000
28731	#000000
28732	#000000
28733	#000000
28734	#000000
28735	#000000
28736	#000000
28737	#000000
28738	#000000
28739	#000000
28740	#000000
28741	#000000
28742	#000000
28743	#000000
28744	#000000
28745	#000000
28746	#000000
28747	#000000
28748	#000000
28749	#000000
28750	#000000
28751	#000000
28752	#000000
28753	#000000
28754	#000000
28755	#000000
28756	#000000
28757	#000000
28758	#000000
28759	#000000
28760	#000000
28761	#000000
28762	#000000
28763	#000000
28764	#000000
28765	#000000
28766	#000000
28767	#000000
28768	#000002
28769	#000026
28770	#0000BD
28771	#0000CF
28772	#0000AE
28773	#000007
28774	#000900
28775	#002300
28776	#004100
28777	#006200
28778	#008100
28779	#009700
28780	#00A209
28781	#009D0B
28782	#008B00
28783	#007500
28784	#005900
28785	#004100
28786	#002A00
28787	#001C00
28788	#001200
28789	#000B00
28790	#000600
28791	#000200
28792	#000000
28793	#000000
28794	#000000
28795	#000000
28796	#000000
28797	#A7A7A7
28798	#FFFFFF
28799	#FFFFFF
28800	#FFFFFF
28801	#FFFFFF
28802	#FFFFFF
28803	#FFFFFF
28804	#EAEAEB
28805	#4D3275
28806	#462577
28807	#472777
28808	#472777
28809	#472777
28810	#472777
28811	#472777
28812	#472777
28813	#472777
28814	#472777
28815	#472777
28816	#472777
28817	#472777
28818	#472777
28819	#472777
28820	#472777
28821	#472777
28822	#472777
28823	#472777
28824	#472777
28825	#472777
28826	#472777
28827	#472777
28828	#472777
28829	#472777
28830	#472777
28831	#472777
28832	#472777
28833	#472777
28834	#472777
28835	#472777
28836	#472777
28837	#472777
28838	#472777
28839	#472777
28840	#472777
28841	#472777
28842	#472777
28843	#472777
28844	#472777
28845	#472777
28846	#472777
28847	#472777
28848	#472777
28849	#472777
28850	#472777
28851	#472777
28852	#472777
28853	#472777
28854	#472777
28855	#472777
28856	#472777
28857	#472777
28858	#472777
28859	#472777
28860	#472777
28861	#472777
28862	#472777
28863	#472777
28864	#472777
28865	#472777
28866	#472777
28867	#472777
28868	#472777
28869	#472777
28870	#472676
28871	#472475
28872	#482374
28873	#482374
28874	#472575
28875	#472777
28876	#462E7C
28877	#443781
28878	#414186
28879	#3D4B89
28880	#3A528B
28881	#38578C
28882	#37598C
28883	#38568B
28884	#3B518A
28885	#3E4988
28886	#414085
28887	#443982
28888	#46327E
28889	#462F7C
28890	#472C7B
28891	#472A79
28892	#472978
28893	#472878
28894	#472878
28895	#472777
28896	#472777
28897	#432174
28898	#624C82
28899	#FDFDFB
28900	#FFFFFF
28901	#FFFFFF
28902	#FFFFFF
28903	#5B5B5B
28904	#000000
28905	#000000
28906	#000000
28907	#000000
28908	#000000
28909	#000000
28910	#000000
28911	#000000
28912	#000000
28913	#000000
28914	#000000
28915	#000000
28916	#000000
28917	#000000
28918	#000000
28919	#000000
28920	#000000
28921	#000000
28922	#000000
28923	#000000
28924	#000000
28925	#000000
28926	#000000
28927	#000000
28928	#000000
28929	#000000
28930	#000000
28931	#000000
28932	#000000
28933	#000000
28934	#000000
28935	#000000
28936	#000000
28937	#000000
28938	#000000
28939	#000000
28940	#000000
28941	#000000
28942	#000000
28943	#000000
28944	#000000
28945	#000000
28946	#000000
28947	#000000
28948	#000000
28949	#000000
28950	#000000
28951	#000000
28952	#000000
28953	#000000
28954	#000000
28955	#000000
28956	#000000
28957	#000000
28958	#000000
28959	#000000
28960	#000000
28961	#000000
28962	#000000
28963	#000000
28964	#000000
28965	#000000
28966	#000000
28967	#000000
28968	#000000
28969	#00000E
28970	#0000B3
28971	#0000DA
28972	#00007F
28973	#000002
28974	#000600
28975	#001C00
28976	#003600
28977	#005100
28978	#006A00
28979	#007A00
28980	#008300
28981	#007E00
28982	#007000
28983	#005D00
28984	#004500
28985	#003100
28986	#001E00
28987	#001200
28988	#000A00
28989	#000500
28990	#000200
28991	#000000
28992	#000000
28993	#000000
28994	#000000
28995	#000000
28996	#000000
28997	#A7A7A7
28998	#FFFFFF
28999	#FFFFFF
29000	#FFFFFF
29001	#FFFFFF
29002	#FFFFFF
29003	#FFFFFF
29004	#EAEAEB
29005	#4D3275
29006	#462577
29007	#472777
29008	#472777
29009	#472777
29010	#472777
29011	#472777
29012	#472777
29013	#472777
29014	#472777
29015	#472777
29016	#472777
29017	#472777
29018	#472777
29019	#472777
29020	#472777
29021	#472777
29022	#472777
29023	#472777
29024	#472777
29025	#472777
29026	#472777
29027	#472777
29028	#472777
29029	#472777
29030	#472777
29031	#472777
29032	#472777
29033	#472777
29034	#472777
29035	#472777
29036	#472777
29037	#472777
29038	#472777
29039	#472777
29040	#472777
29041	#472777
29042	#472777
29043	#472777
29044	#472777
29045	#472777
29046	#472777
29047	#472777
29048	#472777
29049	#472777
29050	#472777
29051	#472777
29052	#472777
29053	#472777
29054	#472777
29055	#472777
29056	#472777
29057	#472777
29058	#472777
29059	#472777
29060	#472777
29061	#472777
29062	#472777
29063	#472777
29064	#472777
29065	#472777
29066	#472777
29067	#472777
29068	#472777
29069	#472777
29070	#472676
29071	#472575
29072	#482474
29073	#472475
29074	#472575
29075	#472777
29076	#472D7B
29077	#453480
29078	#433C84
29079	#404587
29080	#3D4B89
29081	#3B4F8A
29082	#3B4F8A
29083	#3C4D8A
29084	#3E4888
29085	#414185
29086	#433A83
29087	#45337F
29088	#462D7C
29089	#472A7A
29090	#472978
29091	#472878
29092	#472777
29093	#472777
29094	#472777
29095	#472777
29096	#472777
29097	#432174
29098	#624C82
29099	#FDFDFB
29100	#FFFFFF
29101	#FFFFFF
29102	#FFFFFF
29103	#5B5B5B
29104	#000000
29105	#000000
29106	#000000
29107	#000000
29108	#000000
29109	#000000
29110	#000000
29111	#000000
29112	#000000
29113	#000000
29114	#000000
29115	#000000
29116	#000000
29117	#000000
29118	#000000
29119	#000000
29120	#000000
29121	#000000
29122	#000000
29123	#000000
29124	#000000
29125	#000000
29126	#000000
29127	#000000
29128	#000000
29129	#000000
29130	#000000
29131	#000000
29132	#000000
29133	#000000
29134	#000000
29135	#000000
29136	#000000
29137	#000000
29138	#000000
29139	#000000
29140	#000000
29141	#000000
29142	#000000
29143	#000000
29144	#000000
29145	#000000
29146	#000000
29147	#000000
29148	#000000
29149	#000000
29150	#000000
29151	#000000
29152	#000000
29153	#000000
29154	#000000
29155	#000000
29156	#000000
29157	#000000
29158	#000000
29159	#000000
29160	#000000
29161	#000000
29162	#000000
29163	#000000
29164	#000000
29165	#000000
29166	#000000
29167	#000000
29168	#000000
29169	#000000
29170	#000048
29171	#00005C
29172	#00001C
29173	#000000
29174	#000500
29175	#001600
29176	#002B00
29177	#004000
29178	#005500
29179	#006200
29180	#006800
29181	#006300
29182	#005700
29183	#004600
29184	#003200
29185	#002100
29186	#001100
29187	#000600
29188	#000200
29189	#000000
29190	#000000
29191	#000000
29192	#000000
29193	#000000
29194	#000000
29195	#000000
29196	#000000
29197	#A7A7A7
29198	#FFFFFF
29199	#FFFFFF
29200	#FFFFFF
29201	#FFFFFF
29202	#FFFFFF
29203	#FFFFFF
29204	#EAEAEB
29205	#4D3275
29206	#462577
29207	#472777
29208	#472777
29209	#472777
29210	#472777
29211	#472777
29212	#472777
29213	#472777
29214	#472777
29215	#472777
29216	#472777
29217	#472777
29218	#472777
29219	#472777
29220	#472777
29221	#472777
29222	#472777
29223	#472777
29224	#472777
29225	#472777
29226	#472777
29227	#472777
29228	#472777
29229	#472777
29230	#472777
29231	#472777
29232	#472777
29233	#472777
29234	#472777
29235	#472777
29236	#472777
29237	#472777
29238	#472777
29239	#472777
29240	#472777
29241	#472777
29242	#472777
29243	#472777
29244	#472777
29245	#472777
29246	#472777
29247	#472777
29248	#472777
29249	#472777
29250	#472777
29251	#472777
29252	#472777
29253	#472777
29254	#472777
29255	#472777
29256	#472777
29257	#472777
29258	#472777
29259	#472777
29260	#472777
29261	#472777
29262	#472777
29263	#472777
29264	#472777
29265	#472777
29266	#472777
29267	#472777
29268	#472777
29269	#472777
29270	#472676
29271	#472575
29272	#472575
29273	#472575
29274	#472676
29275	#472777
29276	#472C7A
29277	#45327E
29278	#443882
29279	#423F85
29280	#404487
29281	#3F4788
29282	#3E4788
29283	#404587
29284	#424085
29285	#433A83
29286	#453480
29287	#462E7C
29288	#472A79
29289	#472777
29290	#472676
29291	#472676
29292	#472676
29293	#472777
29294	#472777
29295	#472777
29296	#472777
29297	#432275
29298	#624C83
29299	#FDFDFB
29300	#FFFFFF
29301	#FFFFFF
29302	#FFFFFF
29303	#5B5B5B
29304	#000000
29305	#000000
29306	#000000
29307	#000000
29308	#000000
29309	#000000
29310	#000000
29311	#000000
29312	#000000
29313	#000000
29314	#000000
29315	#000000
29316	#000000
29317	#000000
29318	#000000
29319	#000000
29320	#000000
29321	#000000
29322	#000000
29323	#000000
29324	#000000
29325	#000000
29326	#000000
29327	#000000
29328	#000000
29329	#000000
29330	#000000
29331	#000000
29332	#000000
29333	#000000
29334	#000000
29335	#000000
29336	#000000
29337	#000000
29338	#000000
29339	#000000
29340	#000000
29341	#000000
29342	#000000
29343	#000000
29344	#000000
29345	#000000
29346	#000000
29347	#000000
29348	#000000
29349	#000000
29350	#000000
29351	#000000
29352	#000000
29353	#000000
29354	#000000
29355	#000000
29356	#000000
29357	#000000
29358	#000000
29359	#000000
29360	#000000
29361	#000000
29362	#000000
29363	#000000
29364	#000000
29365	#000000
29366	#000000
29367	#000000
29368	#000000
29369	#000000
29370	#000000
29371	#000000
29372	#000000
29373	#000000
29374	#000300
29375	#001100
29376	#002100
29377	#003300
29378	#004100
29379	#004C00
29380	#005000
29381	#004C00
29382	#004100
29383	#003200
29384	#002200
29385	#001300
29386	#000600
29387	#000000
29388	#000000
29389	#000000
29390	#000000
29391	#000000
29392	#000000
29393	#000000
29394	#000000
29395	#000000
29396	#000000
29397	#A7A7A7
29398	#FFFFFF
29399	#FFFFFF
29400	#FFFFFF
29401	#FFFFFF
29402	#FFFFFF
29403	#FFFFFF
29404	#EAEAEB
29405	#4D3275
29406	#462577
29407	#472777
29408	#472777
29409	#472777
29410	#472777
29411	#472777
29412	#472777
29413	#472777
29414	#472777
29415	#472777
29416	#472777
29417	#472777
29418	#472777
29419	#472777
29420	#472777
29421	#472777
29422	#472777
29423	#472777
29424	#472777
29425	#472777
29426	#472777
29427	#472777
29428	#472777
29429	#472777
29430	#472777
29431	#472777
29432	#472777
29433	#472777
29434	#472777
29435	#472777
29436	#472777
29437	#472777
29438	#472777
29439	#472777
29440	#472777
29441	#472777
29442	#472777
29443	#472777
29444	#472777
29445	#472777
29446	#472777
29447	#472777
29448	#472777
29449	#472777
29450	#472777
29451	#472777
29452	#472777
29453	#472777
29454	#472777
29455	#472777
29456	#472777
29457	#472777
29458	#472777
29459	#472777
29460	#472777
29461	#472777
29462	#472777
29463	#472777
29464	#472777
29465	#472777
29466	#472777
29467	#472777
29468	#472777
29469	#472777
29470	#472777
29471	#472676
29472	#472676
29473	#472676
29474	#472676
29475	#472777
29476	#472A7A
29477	#462F7D
29478	#453480
29479	#443982
29480	#423D84
29481	#424085
29482	#414085
29483	#423D84
29484	#443A83
29485	#453580
29486	#46307D
29487	#472B7A
29488	#472777
29489	#472676
29490	#472676
29491	#472676
29492	#472676
29493	#472777
29494	#472777
29495	#472777
29496	#472777
29497	#432275
29498	#624C83
29499	#FDFDFB
29500	#FFFFFF
29501	#FFFFFF
29502	#FFFFFF
29503	#5B5B5B
29504	#000000
29505	#000000
29506	#000000
29507	#000000
29508	#000000
29509	#000000
29510	#000000
29511	#000000
29512	#000000
29513	#000000
29514	#000000
29515	#000000
29516	#000000
29517	#000000
29518	#000000
29519	#000000
29520	#000000
29521	#000000
29522	#000000
29523	#000000
29524	#000000
29525	#000000
29526	#000000
29527	#000000
29528	#000000
29529	#000000
29530	#000000
29531	#000000
29532	#000000
29533	#000000
29534	#000000
29535	#000000
29536	#000000
29537	#000000
29538	#000000
29539	#000000
29540	#000000
29541	#000000
29542	#000000
29543	#000000
29544	#000000
29545	#000000
29546	#000000
29547	#000000
29548	#000000
29549	#000000
29550	#000000
29551	#000000
29552	#000000
29553	#000000
29554	#000000
29555	#000000
29556	#000000
29557	#000000
29558	#000000
29559	#000000
29560	#000000
29561	#000000
29562	#000000
29563	#000000
29564	#000000
29565	#000000
29566	#000000
29567	#000000
29568	#000000
29569	#000000
29570	#000000
29571	#000000
29572	#000000
29573	#000000
29574	#000100
29575	#000C00
29576	#001800
29577	#002500
29578	#003000
29579	#003800
29580	#003B00
29581	#003700
29582	#002F00
29583	#002400
29584	#001600
29585	#000A00
29586	#000100
29587	#000000
29588	#000000
29589	#000000
29590	#000000
29591	#000000
29592	#000000
29593	#000000
29594	#000000
29595	#000000
29596	#000000
29597	#A7A7A7
29598	#FFFFFF
29599	#FFFFFF
29600	#FFFFFF
29601	#FFFFFF
29602	#FFFFFF
29603	#FFFFFF
29604	#EAEAEB
29605	#4D3275
29606	#462577
29607	#472777
29608	#472777
29609	#472777
29610	#472777
29611	#472777
29612	#472777
29613	#472777
29614	#472777
29615	#472777
29616	#472777
29617	#472777
29618	#472777
29619	#472777
29620	#472777
29621	#472777
29622	#472777
29623	#472777
29624	#472777
29625	#472777
29626	#472777
29627	#472777
29628	#472777
29629	#472777
29630	#472777
29631	#472777
29632	#472777
29633	#472777
29634	#472777
29635	#472777
29636	#472777
29637	#472777
29638	#472777
29639	#472777
29640	#472777
29641	#472777
29642	#472777
29643	#472777
29644	#472777
29645	#472777
29646	#472777
29647	#472777
29648	#472777
29649	#472777
29650	#472777
29651	#472777
29652	#472777
29653	#472777
29654	#472777
29655	#472777
29656	#472777
29657	#472777
29658	#472777
29659	#472777
29660	#472777
29661	#472777
29662	#472777
29663	#472777
29664	#472777
29665	#472777
29666	#472777
29667	#472777
29668	#472777
29669	#472777
29670	#472777
29671	#472676
29672	#472676
29673	#472676
29674	#472676
29675	#472777
29676	#472A79
29677	#462D7B
29678	#46307D
29679	#453480
29680	#443781
29681	#443982
29682	#443982
29683	#443781
29684	#453580
29685	#46317E
29686	#462E7C
29687	#472B7A
29688	#472878
29689	#472777
29690	#472777
29691	#472677
29692	#472676
29693	#472777
29694	#472777
29695	#472777
29696	#472777
29697	#432275
29698	#624C83
29699	#FDFDFB
29700	#FFFFFF
29701	#FFFFFF
29702	#FFFFFF
29703	#5B5B5B
29704	#000000
29705	#000000
29706	#000000
29707	#000000
29708	#000000
29709	#000000
29710	#000000
29711	#000000
29712	#000000
29713	#000000
29714	#000000
29715	#000000
29716	#000000
29717	#000000
29718	#000000
29719	#000000
29720	#000000
29721	#000000
29722	#000000
29723	#000000
29724	#000000
29725	#000000
29726	#000000
29727	#000000
29728	#000000
29729	#000000
29730	#000000
29731	#000000
29732	#000000
29733	#000000
29734	#000000
29735	#000000
29736	#000000
29737	#000000
29738	#000000
29739	#000000
29740	#000000
29741	#000000
29742	#000000
29743	#000000
29744	#000000
29745	#000000
29746	#000000
29747	#000000
29748	#000000
29749	#000000
29750	#000000
29751	#000000
29752	#000000
29753	#000000
29754	#000000
29755	#000000
29756	#000000
29757	#000000
29758	#000000
29759	#000000
29760	#000000
29761	#000000
29762	#000000
29763	#000000
29764	#000000
29765	#000000
29766	#000000
29767	#000000
29768	#000000
29769	#000000
29770	#000000
29771	#000000
29772	#000000
29773	#000000
29774	#000100
29775	#000700
29776	#001000
29777	#001A00
29778	#002200
29779	#002800
29780	#002A00
29781	#002700
29782	#002100
29783	#001A00
29784	#001100
29785	#000800
29786	#000100
29787	#000000
29788	#000000
29789	#000000
29790	#000000
29791	#000000
29792	#000000
29793	#000000
29794	#000000
29795	#000000
29796	#000000
29797	#A7A7A7
29798	#FFFFFF
29799	#FFFFFF
29800	#FFFFFF
29801	#FFFFFF
29802	#FFFFFF
29803	#FFFFFF
29804	#EAEAEB
29805	#4D3275
29806	#462577
29807	#472777
29808	#472777
29809	#472777
29810	#472777
29811	#472777
29812	#472777
29813	#472777
29814	#472777
29815	#472777
29816	#472777
29817	#472777
29818	#472777
29819	#472777
29820	#472777
29821	#472777
29822	#472777
29823	#472777
29824	#472777
29825	#472777
29826	#472777
29827	#472777
29828	#472777
29829	#472777
29830	#472777
29831	#472777
29832	#472777
29833	#472777
29834	#472777
29835	#472777
29836	#472777
29837	#472777
29838	#472777
29839	#472777
29840	#472777
29841	#472777
29842	#472777
29843	#472777
29844	#472777
29845	#472777
29846	#472777
29847	#472777
29848	#472777
29849	#472777
29850	#472777
29851	#472777
29852	#472777
29853	#472777
29854	#472777
29855	#472777
29856	#472777
29857	#472777
29858	#472777
29859	#472777
29860	#472777
29861	#472777
29862	#472777
29863	#472777
29864	#472878
29865	#472878
29866	#472878
29867	#472878
29868	#472978
29869	#472978
29870	#472878
29871	#472777
29872	#472777
29873	#472777
29874	#472777
29875	#472777
29876	#472978
29877	#472B7A
29878	#462D7C
29879	#46307D
29880	#46327F
29881	#453480
29882	#453480
29883	#45337F
29884	#45327F
29885	#46307D
29886	#462F7C
29887	#472C7B
29888	#472B7A
29889	#472A79
29890	#472A79
29891	#472978
29892	#472878
29893	#472878
29894	#472777
29895	#472777
29896	#472777
29897	#432275
29898	#624C83
29899	#FDFDFB
29900	#FFFFFF
29901	#FFFFFF
29902	#FFFFFF
29903	#5B5B5B
29904	#000000
29905	#000000
29906	#000000
29907	#000000
29908	#000000
29909	#000000
29910	#000000
29911	#000000
29912	#000000
29913	#000000
29914	#000000
29915	#000000
29916	#000000
29917	#000000
29918	#000000
29919	#000000
29920	#000000
29921	#000000
29922	#000000
29923	#000000
29924	#000000
29925	#000000
29926	#000000
29927	#000000
29928	#000000
29929	#000000
29930	#000000
29931	#000000
29932	#000000
29933	#000000
29934	#000000
29935	#000000
29936	#000000
29937	#000000
29938	#000000
29939	#000000
29940	#000000
29941	#000000
29942	#000000
29943	#000000
29944	#000000
29945	#000000
29946	#000000
29947	#000000
29948	#000000
29949	#000000
29950	#000000
29951	#000000
29952	#000000
29953	#000000
29954	#000000
29955	#000000
29956	#000000
29957	#000000
29958	#000000
29959	#000000
29960	#000000
29961	#000000
29962	#000000
29963	#000000
29964	#000000
29965	#000000
29966	#000100
29967	#000100
29968	#000000
29969	#000000
29970	#000000
29971	#000000
29972	#000000
29973	#000000
29974	#000000
29975	#000400
29976	#000A00
29977	#001000
29978	#001600
29979	#001B00
29980	#001D00
29981	#001C00
29982	#001900
29983	#001500
29984	#001100
29985	#000C00
29986	#000700
29987	#000500
29988	#000300
29989	#000200
29990	#000000
29991	#000000
29992	#000000
29993	#000000
29994	#000000
29995	#000000
29996	#000000
29997	#A7A7A7
29998	#FFFFFF
29999	#FFFFFF
30000	#FFFFFF
30001	#FFFFFF
30002	#FFFFFF
30003	#FFFFFF
30004	#EAEAEB
30005	#4D3275
30006	#462577
30007	#472777
30008	#472777
30009	#472777
30010	#472777
30011	#472777
30012	#472777
30013	#472777
30014	#472777
30015	#472777
30016	#472777
30017	#472777
30018	#472777
30019	#472777
30020	#472777
30021	#472777
30022	#472777
30023	#472777
30024	#472777
30025	#472777
30026	#472777
30027	#472777
30028	#472777
30029	#472777
30030	#472777
30031	#472777
30032	#472777
30033	#472777
30034	#472777
30035	#472777
30036	#472777
30037	#472777
30038	#472777
30039	#472777
30040	#472777
30041	#472777
30042	#472777
30043	#472777
30044	#472777
30045	#472777
30046	#472777
30047	#472777
30048	#472777
30049	#472777
30050	#472777
30051	#472777
30052	#472777
30053	#472777
30054	#472777
30055	#472777
30056	#472777
30057	#472777
30058	#472777
30059	#472777
30060	#472777
30061	#472777
30062	#472777
30063	#472777
30064	#472878
30065	#472979
30066	#472A79
30067	#472B7A
30068	#472B7A
30069	#472B7A
30070	#472A79
30071	#472878
30072	#472878
30073	#472777
30074	#472777
30075	#472777
30076	#472877
30077	#472A79
30078	#472B7A
30079	#472D7B
30080	#462E7C
30081	#46307D
30082	#46307D
30083	#46307D
30084	#46317E
30085	#46317E
30086	#46317E
30087	#46307D
30088	#462F7D
30089	#462F7C
30090	#462D7C
30091	#472C7B
30092	#472B7A
30093	#472979
30094	#472878
30095	#472777
30096	#472676
30097	#432174
30098	#624C82
30099	#FDFDFB
30100	#FFFFFF
30101	#FFFFFF
30102	#FFFFFF
30103	#5B5B5B
30104	#000000
30105	#000000
30106	#000000
30107	#000000
30108	#000000
30109	#000000
30110	#000000
30111	#000000
30112	#000000
30113	#000000
30114	#000000
30115	#000000
30116	#000000
30117	#000000
30118	#000000
30119	#000000
30120	#000000
30121	#000000
30122	#000000
30123	#000000
30124	#000000
30125	#000000
30126	#000000
30127	#000000
30128	#000000
30129	#000000
30130	#000000
30131	#000000
30132	#000000
30133	#000000
30134	#000000
30135	#000000
30136	#000000
30137	#000000
30138	#000000
30139	#000000
30140	#000000
30141	#000000
30142	#000000
30143	#000000
30144	#000000
30145	#000000
30146	#000000
30147	#000000
30148	#000000
30149	#000000
30150	#000000
30151	#000000
30152	#000000
30153	#000000
30154	#000000
30155	#000000
30156	#000000
30157	#000000
30158	#000000
30159	#000000
30160	#000000
30161	#000000
30162	#000000
30163	#000100
30164	#000200
30165	#000300
30166	#000400
30167	#000400
30168	#000300
30169	#000100
30170	#000000
30171	#000000
30172	#000000
30173	#000000
30174	#000000
30175	#000200
30176	#000500
30177	#000900
30178	#000D00
30179	#001000
30180	#001300
30181	#001400
30182	#001500
30183	#001500
30184	#001400
30185	#001300
30186	#001200
30187	#001000
30188	#000D00
30189	#000A00
30190	#000500
30191	#000200
30192	#000000
30193	#000000
30194	#000000
30195	#000000
30196	#000000
30197	#A7A7A7
30198	#FFFFFF
30199	#FFFFFF
30200	#FFFFFF
30201	#FFFFFF
30202	#FFFFFF
30203	#FFFFFF
30204	#EAEAEB
30205	#4D3275
30206	#462577
30207	#472777
30208	#472777
30209	#472777
30210	#472777
30211	#472777
30212	#472777
30213	#472777
30214	#472777
30215	#472777
30216	#472777
30217	#472777
30218	#472777
30219	#472777
30220	#472777
30221	#472777
30222	#472777
30223	#472777
30224	#472777
30225	#472777
30226	#472777
30227	#472777
30228	#472777
30229	#472777
30230	#472777
30231	#472777
30232	#472777
30233	#472777
30234	#472777
30235	#472777
30236	#472777
30237	#472777
30238	#472777
30239	#472777
30240	#472777
30241	#472777
30242	#472777
30243	#472777
30244	#472777
30245	#472777
30246	#472777
30247	#472777
30248	#472777
30249	#472777
30250	#472777
30251	#472777
30252	#472777
30253	#472777
30254	#472777
30255	#472777
30256	#472777
30257	#472777
30258	#472777
30259	#472777
30260	#472777
30261	#472777
30262	#472777
30263	#472878
30264	#472979
30265	#472A79
30266	#472B7A
30267	#472C7B
30268	#472C7B
30269	#472C7B
30270	#472B7A
30271	#472A79
30272	#472979
30273	#472878
30274	#472777
30275	#472777
30276	#472777
30277	#472878
30278	#472979
30279	#472A7A
30280	#472B7A
30281	#472C7B
30282	#462E7C
30283	#462F7C
30284	#46317E
30285	#45327F
30286	#453480
30287	#453580
30288	#453580
30289	#45347F
30290	#46327E
30291	#46307D
30292	#472D7B
30293	#472B7A
30294	#472978
30295	#472777
30296	#472676
30297	#432174
30298	#624C82
30299	#FDFDFB
30300	#FFFFFF
30301	#FFFFFF
30302	#FFFFFF
30303	#5B5B5B
30304	#000000
30305	#000000
30306	#000000
30307	#000000
30308	#000000
30309	#000000
30310	#000000
30311	#000000
30312	#000000
30313	#000000
30314	#000000
30315	#000000
30316	#000000
30317	#000000
30318	#000000
30319	#000000
30320	#000000
30321	#000000
30322	#000000
30323	#000000
30324	#000000
30325	#000000
30326	#000000
30327	#000000
30328	#000000
30329	#000000
30330	#000000
30331	#000000
30332	#000000
30333	#000000
30334	#000000
30335	#000000
30336	#000000
30337	#000000
30338	#000000
30339	#000000
30340	#000000
30341	#000000
30342	#000000
30343	#000000
30344	#000000
30345	#000000
30346	#000000
30347	#000000
30348	#000000
30349	#000000
30350	#000000
30351	#000000
30352	#000000
30353	#000000
30354	#000000
30355	#000000
30356	#000000
30357	#000000
30358	#000000
30359	#000000
30360	#000000
30361	#000000
30362	#000000
30363	#000300
30364	#000500
30365	#000700
30366	#000800
30367	#000800
30368	#000700
30369	#000400
30370	#000200
30371	#000000
30372	#000000
30373	#000000
30374	#000000
30375	#000000
30376	#000100
30377	#000300
30378	#000500
30379	#000800
30380	#000B00
30381	#000F00
30382	#001400
30383	#001700
30384	#001A00
30385	#001F00
30386	#001F00
30387	#001F00
30388	#001A00
30389	#001400
30390	#000E00
30391	#000700
30392	#000200
30393	#000000
30394	#000000
30395	#000000
30396	#000000
30397	#A7A7A7
30398	#FFFFFF
30399	#FFFFFF
30400	#FFFFFF
30401	#FFFFFF
30402	#FFFFFF
30403	#FFFFFF
30404	#EAEAEB
30405	#4D3275
30406	#462577
30407	#472777
30408	#472777
30409	#472777
30410	#472777
30411	#472777
30412	#472777
30413	#472777
30414	#472777
30415	#472777
30416	#472777
30417	#472777
30418	#472777
30419	#472777
30420	#472777
30421	#472777
30422	#472777
30423	#472777
30424	#472777
30425	#472777
30426	#472777
30427	#472777
30428	#472777
30429	#472777
30430	#472777
30431	#472777
30432	#472777
30433	#472777
30434	#472777
30435	#472777
30436	#472777
30437	#472777
30438	#472777
30439	#472777
30440	#472777
30441	#472777
30442	#472777
30443	#472777
30444	#472777
30445	#472777
30446	#472777
30447	#472777
30448	#472777
30449	#472777
30450	#472777
30451	#472777
30452	#472777
30453	#472777
30454	#472777
30455	#472777
30456	#472777
30457	#472777
30458	#472777
30459	#472777
30460	#472777
30461	#472777
30462	#472777
30463	#472978
30464	#472A79
30465	#472B7A
30466	#472C7B
30467	#462D7C
30468	#462D7C
30469	#462D7C
30470	#472C7B
30471	#472B7A
30472	#472A79
30473	#472979
30474	#472778
30475	#472777
30476	#472777
30477	#472777
30478	#472777
30479	#472878
30480	#472878
30481	#472A79
30482	#472B7A
30483	#462E7C
30484	#46317E
30485	#453580
30486	#443882
30487	#433A83
30488	#433C84
30489	#433A83
30490	#443782
30491	#453480
30492	#46307D
30493	#472C7B
30494	#472979
30495	#472777
30496	#472676
30497	#432073
30498	#624B81
30499	#FDFDFB
30500	#FFFFFF
30501	#FFFFFF
30502	#FFFFFF
30503	#5B5B5B
30504	#000000
30505	#000000
30506	#000000
30507	#000000
30508	#000000
30509	#000000
30510	#000000
30511	#000000
30512	#000000
30513	#000000
30514	#000000
30515	#000000
30516	#000000
30517	#000000
30518	#000000
30519	#000000
30520	#000000
30521	#000000
30522	#000000
30523	#000000
30524	#000000
30525	#000000
30526	#000000
30527	#000000
30528	#000000
30529	#000000
30530	#000000
30531	#000000
30532	#000000
30533	#000000
30534	#000000
30535	#000000
30536	#000000
30537	#000000
30538	#000000
30539	#000000
30540	#000000
30541	#000000
30542	#000000
30543	#000000
30544	#000000
30545	#000000
30546	#000000
30547	#000000
30548	#000000
30549	#000000
30550	#000000
30551	#000000
30552	#000000
30553	#000000
30554	#000000
30555	#000000
30556	#000000
30557	#000000
30558	#000000
30559	#000000
30560	#000000
30561	#000000
30562	#000300
30563	#000500
30564	#000700
30565	#000A00
30566	#000C00
30567	#000C00
30568	#000A00
30569	#000700
30570	#000400
30571	#000200
30572	#000000
30573	#000000
30574	#000000
30575	#000000
30576	#000000
30577	#000000
30578	#000000
30579	#000300
30580	#000500
30581	#000B00
30582	#001400
30583	#001B00
30584	#002300
30585	#002A00
30586	#002E00
30587	#002F00
30588	#002900
30589	#002000
30590	#001600
30591	#000C00
30592	#000400
30593	#000000
30594	#000000
30595	#000000
30596	#000000
30597	#A7A7A5
30598	#FFFFFF
30599	#FFFFFF
30600	#FFFFFF
30601	#FFFFFF
30602	#FFFFFF
30603	#FFFFFF
30604	#EAEAEB
30605	#4D3275
30606	#462577
30607	#472777
30608	#472777
30609	#472777
30610	#472777
30611	#472777
30612	#472777
30613	#472777
30614	#472777
30615	#472777
30616	#472777
30617	#472777
30618	#472777
30619	#472777
30620	#472777
30621	#472777
30622	#472777
30623	#472777
30624	#472777
30625	#472777
30626	#472777
30627	#472777
30628	#472777
30629	#472777
30630	#472777
30631	#472777
30632	#472777
30633	#472777
30634	#472777
30635	#472777
30636	#472777
30637	#472777
30638	#472777
30639	#472777
30640	#472777
30641	#472777
30642	#472777
30643	#472777
30644	#472777
30645	#472777
30646	#472777
30647	#472777
30648	#472777
30649	#472777
30650	#472777
30651	#472777
30652	#472777
30653	#472777
30654	#472777
30655	#472777
30656	#472777
30657	#472777
30658	#472777
30659	#472777
30660	#472777
30661	#472777
30662	#472777
30663	#472978
30664	#472B7A
30665	#472C7B
30666	#462D7C
30667	#462E7C
30668	#462E7C
30669	#462E7C
30670	#462D7C
30671	#472C7B
30672	#472B7A
30673	#472979
30674	#472778
30675	#472777
30676	#472676
30677	#472777
30678	#472676
30679	#472676
30680	#472777
30681	#472878
30682	#472A79
30683	#462E7C
30684	#46327E
30685	#443781
30686	#433C83
30687	#423F85
30688	#414186
30689	#424085
30690	#423C84
30691	#443881
30692	#45337F
30693	#462D7C
30694	#472A79
30695	#472777
30696	#472575
30697	#432073
30698	#624B81
30699	#FDFDFB
30700	#FFFFFF
30701	#FFFFFF
30702	#FFFFFF
30703	#5B5B5B
30704	#000000
30705	#000000
30706	#000000
30707	#000000
30708	#000000
30709	#000000
30710	#000000
30711	#000000
30712	#000000
30713	#000000
30714	#000000
30715	#000000
30716	#000000
30717	#000000
30718	#000000
30719	#000000
30720	#000000
30721	#000000
30722	#000000
30723	#000000
30724	#000000
30725	#000000
30726	#000000
30727	#000000
30728	#000000
30729	#000000
30730	#000000
30731	#000000
30732	#000000
30733	#000000
30734	#000000
30735	#000000
30736	#000000
30737	#000000
30738	#000000
30739	#000000
30740	#000000
30741	#000000
30742	#000000
30743	#000000
30744	#000000
30745	#000000
30746	#000000
30747	#000000
30748	#000000
30749	#000000
30750	#000000
30751	#000000
30752	#000000
30753	#000000
30754	#000000
30755	#000000
30756	#000000
30757	#000000
30758	#000000
30759	#000000
30760	#000000
30761	#000000
30762	#000300
30763	#000700
30764	#000A00
30765	#000C00
30766	#000F00
30767	#000F00
30768	#000C00
30769	#000A00
30770	#000700
30771	#000300
30772	#000000
30773	#000000
30774	#000000
30775	#000000
30776	#000000
30777	#000000
30778	#000000
30779	#000000
30780	#000100
30781	#000800
30782	#001300
30783	#002000
30784	#002C00
30785	#003700
30786	#003D00
30787	#003D00
30788	#003700
30789	#002B00
30790	#001E00
30791	#001100
30792	#000600
30793	#000100
30794	#000000
30795	#00000A
30796	#000045
30797	#A7A7B9
30798	#FFFFFF
30799	#FFFFFF
30800	#FFFFFF
30801	#FFFFFF
30802	#FFFFFF
30803	#FFFFFF
30804	#EAEAEB
30805	#4D3275
30806	#462577
30807	#472777
30808	#472777
30809	#472777
30810	#472777
30811	#472777
30812	#472777
30813	#472777
30814	#472777
30815	#472777
30816	#472777
30817	#472777
30818	#472777
30819	#472777
30820	#472777
30821	#472777
30822	#472777
30823	#472777
30824	#472777
30825	#472777
30826	#472777
30827	#472777
30828	#472777
30829	#472777
30830	#472777
30831	#472777
30832	#472777
30833	#472777
30834	#472777
30835	#472777
30836	#472777
30837	#472777
30838	#472777
30839	#472777
30840	#472777
30841	#472777
30842	#472777
30843	#472777
30844	#472777
30845	#472777
30846	#472777
30847	#472777
30848	#472777
30849	#472777
30850	#472777
30851	#472777
30852	#472777
30853	#472777
30854	#472777
30855	#472777
30856	#472777
30857	#472777
30858	#472777
30859	#472777
30860	#472777
30861	#472777
30862	#472777
30863	#472978
30864	#472B7A
30865	#472C7B
30866	#462D7C
30867	#462E7C
30868	#462F7C
30869	#462F7C
30870	#462D7C
30871	#472C7B
30872	#472B7A
30873	#472979
30874	#472778
30875	#472777
30876	#472676
30877	#472676
30878	#472575
30879	#472575
30880	#472575
30881	#472676
30882	#472878
30883	#462D7C
30884	#45337F
30885	#443982
30886	#423F85
30887	#404487
30888	#3F4688
30889	#3F4587
30890	#414186
30891	#433B83
30892	#453580
30893	#462F7D
30894	#472B7A
30895	#472777
30896	#472575
30897	#441F72
30898	#634A80
30899	#FCFEFB
30900	#FFFFFF
30901	#FFFFFF
30902	#FFFFFF
30903	#5B5B5B
30904	#000000
30905	#000000
30906	#000000
30907	#000000
30908	#000000
30909	#000000
30910	#000000
30911	#000000
30912	#000000
30913	#000000
30914	#000000
30915	#000000
30916	#000000
30917	#000000
30918	#000000
30919	#000000
30920	#000000
30921	#000000
30922	#000000
30923	#000000
30924	#000000
30925	#000000
30926	#000000
30927	#000000
30928	#000000
30929	#000000
30930	#000000
30931	#000000
30932	#000000
30933	#000000
30934	#000000
30935	#000000
30936	#000000
30937	#000000
30938	#000000
30939	#000000
30940	#000000
30941	#000000
30942	#000000
30943	#000000
30944	#000000
30945	#000000
30946	#000000
30947	#000000
30948	#000000
30949	#000000
30950	#000000
30951	#000000
30952	#000000
30953	#000000
30954	#000000
30955	#000000
30956	#000000
30957	#000000
30958	#000000
30959	#000000
30960	#000000
30961	#000000
30962	#000300
30963	#000700
30964	#000A00
30965	#000D00
30966	#001000
30967	#001000
30968	#000D00
30969	#000A00
30970	#000700
30971	#000300
30972	#000000
30973	#000000
30974	#000000
30975	#000000
30976	#000001
30977	#000023
30978	#00002A
30979	#000007
30980	#000000
30981	#000600
30982	#001500
30983	#002400
30984	#003500
30985	#004200
30986	#004B00
30987	#004C00
30988	#004400
30989	#003600
30990	#002600
30991	#001600
30992	#000800
30993	#000100
30994	#000000
30995	#000017
30996	#0000BF
30997	#A7A7D7
30998	#FFFFFF
30999	#FFFFFF
31000	#FFFFFF
31001	#FFFFFF
31002	#FFFFFF
31003	#FFFFFF
31004	#EAEAEB
31005	#4D3275
31006	#462577
31007	#472777
31008	#472777
31009	#472777
31010	#472777
31011	#472777
31012	#472777
31013	#472777
31014	#472777
31015	#472777
31016	#472777
31017	#472777
31018	#472777
31019	#472777
31020	#472777
31021	#472777
31022	#472777
31023	#472777
31024	#472777
31025	#472777
31026	#472777
31027	#472777
31028	#472777
31029	#472777
31030	#472777
31031	#472777
31032	#472777
31033	#472777
31034	#472777
31035	#472777
31036	#472777
31037	#472777
31038	#472777
31039	#472777
31040	#472777
31041	#472777
31042	#472777
31043	#472777
31044	#472777
31045	#472777
31046	#472777
31047	#472777
31048	#472777
31049	#472777
31050	#472777
31051	#472777
31052	#472777
31053	#472777
31054	#472777
31055	#472777
31056	#472777
31057	#472777
31058	#472777
31059	#472777
31060	#472777
31061	#472777
31062	#472777
31063	#472978
31064	#472B7A
31065	#472C7B
31066	#462D7C
31067	#462E7C
31068	#462E7C
31069	#462E7C
31070	#462D7C
31071	#472C7B
31072	#472B7A
31073	#472979
31074	#472778
31075	#472777
31076	#472676
31077	#472676
31078	#482374
31079	#482374
31080	#482374
31081	#472575
31082	#472777
31083	#462D7B
31084	#453480
31085	#433C84
31086	#414386
31087	#3E4888
31088	#3D4B89
31089	#3E4A89
31090	#3F4587
31091	#423F85
31092	#443882
31093	#46317E
31094	#472B7A
31095	#472777
31096	#472575
31097	#441E72
31098	#634980
31099	#FCFEFB
31100	#FFFFFF
31101	#FFFFFF
31102	#FFFFFF
31103	#5B5B5B
31104	#000000
31105	#000000
31106	#000000
31107	#000000
31108	#000000
31109	#000000
31110	#000000
31111	#000000
31112	#000000
31113	#000000
31114	#000000
31115	#000000
31116	#000000
31117	#000000
31118	#000000
31119	#000000
31120	#000000
31121	#000000
31122	#000000
31123	#000000
31124	#000000
31125	#000000
31126	#000000
31127	#000000
31128	#000000
31129	#000000
31130	#000000
31131	#000000
31132	#000000
31133	#000000
31134	#000000
31135	#000000
31136	#000000
31137	#000000
31138	#000000
31139	#000000
31140	#000000
31141	#000000
31142	#000000
31143	#000000
31144	#000000
31145	#000000
31146	#000000
31147	#000000
31148	#000000
31149	#000000
31150	#000000
31151	#000000
31152	#000000
31153	#000000
31154	#000000
31155	#000000
31156	#000000
31157	#000000
31158	#000000
31159	#000000
31160	#000000
31161	#000000
31162	#000300
31163	#000700
31164	#000900
31165	#000C00
31166	#000E00
31167	#000E00
31168	#000C00
31169	#000A00
31170	#000700
31171	#000300
31172	#000000
31173	#000000
31174	#000000
31175	#000000
31176	#000073
31177	#0000C9
31178	#0000C9
31179	#000034
31180	#000001
31181	#000600
31182	#001700
31183	#002A00
31184	#003D00
31185	#004E00
31186	#005800
31187	#005900
31188	#005000
31189	#004000
31190	#002D00
31191	#001B00
31192	#000A00
31193	#000100
31194	#000000
31195	#00003A
31196	#0000BF
31197	#A7A7D4
31198	#FFFFFF
31199	#FFFFFF
31200	#FFFFFF
31201	#FFFFFF
31202	#FFFFFF
31203	#FFFFFF
31204	#EAEAEB
31205	#4D3275
31206	#462577
31207	#472777
31208	#472777
31209	#472777
31210	#472777
31211	#472777
31212	#472777
31213	#472777
31214	#472777
31215	#472777
31216	#472777
31217	#472777
31218	#472777
31219	#472777
31220	#472777
31221	#472777
31222	#472777
31223	#472777
31224	#472777
31225	#472777
31226	#472777
31227	#472777
31228	#472777
31229	#472777
31230	#472777
31231	#472777
31232	#472777
31233	#472777
31234	#472777
31235	#472777
31236	#472777
31237	#472777
31238	#472777
31239	#472777
31240	#472777
31241	#472777
31242	#472777
31243	#472777
31244	#472777
31245	#472777
31246	#472777
31247	#472777
31248	#472777
31249	#472777
31250	#472777
31251	#472777
31252	#472777
31253	#472777
31254	#472777
31255	#472777
31256	#472777
31257	#472777
31258	#472777
31259	#472777
31260	#472777
31261	#472777
31262	#472777
31263	#472978
31264	#472A79
31265	#472B7A
31266	#472C7B
31267	#462D7C
31268	#462D7C
31269	#462D7C
31270	#472C7B
31271	#472B7A
31272	#472A79
31273	#472979
31274	#472778
31275	#472777
31276	#472676
31277	#472575
31278	#482374
31279	#482273
31280	#482273
31281	#482474
31282	#472777
31283	#462E7C
31284	#443681
31285	#423F85
31286	#3F4788
31287	#3C4D8A
31288	#3B518A
31289	#3B4F8A
31290	#3D4A89
31291	#404387
31292	#433B83
31293	#45327F
31294	#472B7A
31295	#472777
31296	#472575
31297	#441D71
31298	#634980
31299	#FCFEFB
31300	#FFFFFF
31301	#FFFFFF
31302	#FFFFFF
31303	#5B5B5B
31304	#000000
31305	#000000
31306	#000000
31307	#000000
31308	#000000
31309	#000000
31310	#000000
31311	#000000
31312	#000000
31313	#000000
31314	#000000
31315	#000000
31316	#000000
31317	#000000
31318	#000000
31319	#000000
31320	#000000
31321	#000000
31322	#000000
31323	#000000
31324	#000000
31325	#000000
31326	#000000
31327	#000000
31328	#000000
31329	#000000
31330	#000000
31331	#000000
31332	#000000
31333	#000000
31334	#000000
31335	#000000
31336	#000000
31337	#000000
31338	#000000
31339	#000000
31340	#000000
31341	#000000
31342	#000000
31343	#000000
31344	#000000
31345	#000000
31346	#000000
31347	#000000
31348	#000000
31349	#000000
31350	#000000
31351	#000000
31352	#000000
31353	#000000
31354	#000000
31355	#000000
31356	#000000
31357	#000000
31358	#000000
31359	#000000
31360	#000000
31361	#000000
31362	#000200
31363	#000500
31364	#000700
31365	#000900
31366	#000B00
31367	#000B00
31368	#000900
31369	#000700
31370	#000500
31371	#000200
31372	#000000
31373	#000000
31374	#000000
31375	#000000
31376	#00009A
31377	#0000D2
31378	#0000CB
31379	#0000AD
31380	#000012
31381	#000600
31382	#001A00
31383	#003100
31384	#004700
31385	#005A00
31386	#006800
31387	#006900
31388	#005E00
31389	#004B00
31390	#003600
31391	#002000
31392	#000C00
31393	#000100
31394	#000005
31395	#0000A8
31396	#0000C6
31397	#A7A7D2
31398	#FFFFFF
31399	#FFFFFF
31400	#FFFFFF
31401	#FFFFFF
31402	#FFFFFF
31403	#FFFFFF
31404	#EAEAEB
31405	#4D3275
31406	#462577
31407	#472777
31408	#472777
31409	#472777
31410	#472777
31411	#472777
31412	#472777
31413	#472777
31414	#472777
31415	#472777
31416	#472777
31417	#472777
31418	#472777
31419	#472777
31420	#472777
31421	#472777
31422	#472777
31423	#472777
31424	#472777
31425	#472777
31426	#472777
31427	#472777
31428	#472777
31429	#472777
31430	#472777
31431	#472777
31432	#472777
31433	#472777
31434	#472777
31435	#472777
31436	#472777
31437	#472777
31438	#472777
31439	#472777
31440	#472777
31441	#472777
31442	#472777
31443	#472777
31444	#472777
31445	#472777
31446	#472777
31447	#472777
31448	#472777
31449	#472777
31450	#472777
31451	#472777
31452	#472777
31453	#472777
31454	#472777
31455	#472777
31456	#472777
31457	#472777
31458	#472777
31459	#472777
31460	#472777
31461	#472777
31462	#472777
31463	#472878
31464	#472979
31465	#472A79
31466	#472B7A
31467	#472C7B
31468	#472C7B
31469	#472C7B
31470	#472B7A
31471	#472A79
31472	#472A79
31473	#472878
31474	#472878
31475	#472777
31476	#472676
31477	#472575
31478	#482374
31479	#482273
31480	#482273
31481	#482474
31482	#472777
31483	#462F7C
31484	#443882
31485	#404286
31486	#3D4B89
31487	#3A528B
31488	#39558B
31489	#39548B
31490	#3C4F8A
31491	#3F4688
31492	#433D84
31493	#45347F
31494	#472C7B
31495	#472777
31496	#482474
31497	#441D71
31498	#63497F
31499	#FCFEFB
31500	#FFFFFF
31501	#FFFFFF
31502	#FFFFFF
31503	#5B5B5B
31504	#000000
31505	#000000
31506	#000000
31507	#000000
31508	#000000
31509	#000000
31510	#000000
31511	#000000
31512	#000000
31513	#000000
31514	#000000
31515	#000000
31516	#000000
31517	#000000
31518	#000000
31519	#000000
31520	#000000
31521	#000000
31522	#000000
31523	#000000
31524	#000000
31525	#000000
31526	#000000
31527	#000000
31528	#000000
31529	#000000
31530	#000000
31531	#000000
31532	#000000
31533	#000000
31534	#000000
31535	#000000
31536	#000000
31537	#000000
31538	#000000
31539	#000000
31540	#000000
31541	#000000
31542	#000000
31543	#000000
31544	#000000
31545	#000000
31546	#000000
31547	#000000
31548	#000000
31549	#000000
31550	#000000
31551	#000000
31552	#000000
31553	#000000
31554	#000000
31555	#000000
31556	#000000
31557	#000000
31558	#000000
31559	#000000
31560	#000000
31561	#000000
31562	#000000
31563	#000200
31564	#000400
31565	#000600
31566	#000800
31567	#000800
31568	#000600
31569	#000500
31570	#000300
31571	#000000
31572	#000000
31573	#000000
31574	#000000
31575	#000000
31576	#000096
31577	#0000CE
31578	#0000CA
31579	#0000B9
31580	#000013
31581	#000800
31582	#001E00
31583	#003900
31584	#005200
31585	#006700
31586	#007600
31587	#007800
31588	#006C00
31589	#005600
31590	#003D00
31591	#002400
31592	#000E00
31593	#000200
31594	#000034
31595	#0000C8
31596	#0000C0
31597	#A7A7D1
31598	#FFFFFF
31599	#FFFFFF
31600	#FFFFFF
31601	#FFFFFF
31602	#FFFFFF
31603	#FFFFFF
31604	#EAEAEB
31605	#4D3275
31606	#462577
31607	#472777
31608	#472777
31609	#472777
31610	#472777
31611	#472777
31612	#472777
31613	#472777
31614	#472777
31615	#472777
31616	#472777
31617	#472777
31618	#472777
31619	#472777
31620	#472777
31621	#472777
31622	#472777
31623	#472777
31624	#472777
31625	#472777
31626	#472777
31627	#472777
31628	#472777
31629	#472777
31630	#472777
31631	#472777
31632	#472777
31633	#472777
31634	#472777
31635	#472777
31636	#472777
31637	#472777
31638	#472777
31639	#472777
31640	#472777
31641	#472777
31642	#472777
31643	#472777
31644	#472777
31645	#472777
31646	#472777
31647	#472777
31648	#472777
31649	#472777
31650	#472777
31651	#472777
31652	#472777
31653	#472777
31654	#472777
31655	#472777
31656	#472777
31657	#472777
31658	#472777
31659	#472777
31660	#472777
31661	#472777
31662	#472777
31663	#472777
31664	#472878
31665	#472979
31666	#472A79
31667	#472A79
31668	#472A79
31669	#472A79
31670	#472A79
31671	#472979
31672	#472878
31673	#472878
31674	#472777
31675	#472777
31676	#472676
31677	#472575
31678	#482374
31679	#482273
31680	#482273
31681	#472575
31682	#472878
31683	#46307D
31684	#433B83
31685	#3F4587
31686	#3C4F8A
31687	#38568C
31688	#365A8C
31689	#37598C
31690	#3A538B
31691	#3E4A89
31692	#424085
31693	#453580
31694	#472D7B
31695	#472777
31696	#482474
31697	#441C70
31698	#63487F
31699	#FCFEFB
31700	#FFFFFF
31701	#FFFFFF
31702	#FFFFFF
31703	#5B5B5B
31704	#000000
31705	#000000
31706	#000000
31707	#000000
31708	#000000
31709	#000000
31710	#000000
31711	#000000
31712	#000000
31713	#000000
31714	#000000
31715	#000000
31716	#000000
31717	#000000
31718	#000000
31719	#000000
31720	#000000
31721	#000000
31722	#000000
31723	#000000
31724	#000000
31725	#000000
31726	#000000
31727	#000000
31728	#000000
31729	#000000
31730	#000000
31731	#000000
31732	#000000
31733	#000000
31734	#000000
31735	#000000
31736	#000000
31737	#000000
31738	#000000
31739	#000000
31740	#000000
31741	#000000
31742	#000000
31743	#000000
31744	#000000
31745	#000000
31746	#000000
31747	#000000
31748	#000000
31749	#000000
31750	#000000
31751	#000000
31752	#000000
31753	#000000
31754	#000000
31755	#000000
31756	#000000
31757	#000000
31758	#000000
31759	#000000
31760	#000000
31761	#000000
31762	#000000
31763	#000000
31764	#000200
31765	#000300
31766	#000400
31767	#000400
31768	#000300
31769	#000100
31770	#000000
31771	#000000
31772	#000000
31773	#000000
31774	#000000
31775	#000000
31776	#000096
31777	#0000CE
31778	#0000CF
31779	#00007F
31780	#000002
31781	#000A00
31782	#002400
31783	#004100
31784	#005C00
31785	#007400
31786	#008400
31787	#008600
31788	#007900
31789	#006100
31790	#004500
31791	#002900
31792	#001100
31793	#000200
31794	#000045
31795	#0000D0
31796	#0000BC
31797	#A7A7D1
31798	#FFFFFF
31799	#FFFFFF
31800	#FFFFFF
31801	#FFFFFF
31802	#FFFFFF
31803	#FFFFFF
31804	#EAEAEB
31805	#4D3275
31806	#462577
31807	#472777
31808	#472777
31809	#472777
31810	#472777
31811	#472777
31812	#472777
31813	#472777
31814	#472777
31815	#472777
31816	#472777
31817	#472777
31818	#472777
31819	#472777
31820	#472777
31821	#472777
31822	#472777
31823	#472777
31824	#472777
31825	#472777
31826	#472777
31827	#472777
31828	#472777
31829	#472777
31830	#472777
31831	#472777
31832	#472777
31833	#472777
31834	#472777
31835	#472777
31836	#472777
31837	#472777
31838	#472777
31839	#472777
31840	#472777
31841	#472777
31842	#472777
31843	#472777
31844	#472777
31845	#472777
31846	#472777
31847	#472777
31848	#472777
31849	#472777
31850	#472777
31851	#472777
31852	#472777
31853	#472777
31854	#472777
31855	#472777
31856	#472777
31857	#472777
31858	#472777
31859	#472777
31860	#472777
31861	#472777
31862	#472777
31863	#472777
31864	#472878
31865	#472778
31866	#472878
31867	#472878
31868	#472878
31869	#472878
31870	#472878
31871	#472778
31872	#472878
31873	#472777
31874	#472777
31875	#472777
31876	#472676
31877	#472575
31878	#482374
31879	#482273
31880	#482273
31881	#472575
31882	#472978
31883	#46317E
31884	#433D84
31885	#3E4988
31886	#3A538B
31887	#365A8C
31888	#345E8D
31889	#355D8D
31890	#38578C
31891	#3D4D89
31892	#414286
31893	#443781
31894	#462D7C
31895	#472777
31896	#482374
31897	#441C70
31898	#63487F
31899	#FCFEFB
31900	#FFFFFF
31901	#FFFFFF
31902	#FFFFFF
31903	#5B5B5B
31904	#000000
31905	#000000
31906	#000000
31907	#000000
31908	#000000
31909	#000000
31910	#000000
31911	#000000
31912	#000000
31913	#000000
31914	#000000
31915	#000000
31916	#000000
31917	#000000
31918	#000000
31919	#000000
31920	#000000
31921	#000000
31922	#000000
31923	#000000
31924	#000000
31925	#000000
31926	#000000
31927	#000000
31928	#000000
31929	#000000
31930	#000000
31931	#000000
31932	#000000
31933	#000000
31934	#000000
31935	#000000
31936	#000000
31937	#000000
31938	#000000
31939	#000000
31940	#000000
31941	#000000
31942	#000000
31943	#000000
31944	#000000
31945	#000000
31946	#000000
31947	#000000
31948	#000000
31949	#000000
31950	#000000
31951	#000000
31952	#000000
31953	#000000
31954	#000000
31955	#000000
31956	#000000
31957	#000000
31958	#000000
31959	#000000
31960	#000000
31961	#000000
31962	#000000
31963	#000000
31964	#000000
31965	#000000
31966	#000000
31967	#000000
31968	#000000
31969	#000000
31970	#000000
31971	#000000
31972	#000000
31973	#000000
31974	#000000
31975	#000000
31976	#000096
31977	#0000CF
31978	#0000D0
31979	#000077
31980	#000000
31981	#000D00
31982	#002900
31983	#004800
31984	#006700
31985	#008000
31986	#009100
31987	#009400
31988	#008600
31989	#006B00
31990	#004C00
31991	#002E00
31992	#001400
31993	#000200
31994	#000042
31995	#0000CD
31996	#0000BB
31997	#A7A7D0
31998	#FFFFFF
31999	#FFFFFF
32000	#FFFFFF
32001	#FFFFFF
32002	#FFFFFF
32003	#FFFFFF
32004	#EAEAEB
32005	#4D3275
32006	#462577
32007	#472777
32008	#472777
32009	#472777
32010	#472777
32011	#472777
32012	#472777
32013	#472777
32014	#472777
32015	#472777
32016	#472777
32017	#472777
32018	#472777
32019	#472777
32020	#472777
32021	#472777
32022	#472777
32023	#472777
32024	#472777
32025	#472777
32026	#472777
32027	#472777
32028	#472777
32029	#472777
32030	#472777
32031	#472777
32032	#472777
32033	#472777
32034	#472777
32035	#472777
32036	#472777
32037	#472777
32038	#472777
32039	#472777
32040	#472777
32041	#472777
32042	#472777
32043	#472777
32044	#472777
32045	#472777
32046	#472777
32047	#472777
32048	#472777
32049	#472777
32050	#472777
32051	#472777
32052	#472777
32053	#472777
32054	#472777
32055	#472777
32056	#472777
32057	#472777
32058	#472777
32059	#472777
32060	#472777
32061	#472777
32062	#472777
32063	#472777
32064	#472777
32065	#472777
32066	#472777
32067	#472777
32068	#472777
32069	#472777
32070	#472777
32071	#472777
32072	#472777
32073	#472777
32074	#472777
32075	#472777
32076	#472676
32077	#472575
32078	#482374
32079	#482273
32080	#482273
32081	#472575
32082	#472A79
32083	#45337F
32084	#413F85
32085	#3D4C89
32086	#38568B
32087	#345E8D
32088	#32638D
32089	#33618D
32090	#365A8C
32091	#3B508A
32092	#404487
32093	#443882
32094	#462E7C
32095	#472777
32096	#482374
32097	#441B6F
32098	#63477E
32099	#FCFEFB
32100	#FFFFFF
32101	#FFFFFF
32102	#FFFFFF
32103	#5B5B5B
32104	#000000
32105	#000000
32106	#000000
32107	#000000
32108	#000000
32109	#000000
32110	#000000
32111	#000000
32112	#000000
32113	#000000
32114	#000000
32115	#000000
32116	#000000
32117	#000000
32118	#000000
32119	#000000
32120	#000000
32121	#000000
32122	#000000
32123	#000000
32124	#000000
32125	#000000
32126	#000000
32127	#000000
32128	#000000
32129	#000000
32130	#000000
32131	#000000
32132	#000000
32133	#000000
32134	#000000
32135	#000000
32136	#000000
32137	#000000
32138	#000000
32139	#000000
32140	#000000
32141	#000000
32142	#000000
32143	#000000
32144	#000000
32145	#000000
32146	#000000
32147	#000000
32148	#000000
32149	#000000
32150	#000000
32151	#000000
32152	#000000
32153	#000000
32154	#000000
32155	#000000
32156	#000000
32157	#000000
32158	#000000
32159	#000000
32160	#000000
32161	#000000
32162	#000000
32163	#000000
32164	#000000
32165	#000000
32166	#000000
32167	#000000
32168	#000000
32169	#000000
32170	#000000
32171	#000000
32172	#000000
32173	#000000
32174	#000000
32175	#000000
32176	#000096
32177	#0000CF
32178	#0000D0
32179	#000078
32180	#000000
32181	#001000
32182	#002D00
32183	#005000
32184	#007000
32185	#008C00
32186	#009E00
32187	#00A100
32188	#009100
32189	#007400
32190	#005300
32191	#003200
32192	#001600
32193	#000300
32194	#000042
32195	#0000CB
32196	#0000B9
32197	#A7A7D0
32198	#FFFFFF
32199	#FFFFFF
32200	#FFFFFF
32201	#FFFFFF
32202	#FFFFFF
32203	#FFFFFF
32204	#EAEAEB
32205	#4D3275
32206	#462577
32207	#472777
32208	#472777
32209	#472777
32210	#472777
32211	#472777
32212	#472777
32213	#472777
32214	#472777
32215	#472777
32216	#472777
32217	#472777
32218	#472777
32219	#472777
32220	#472777
32221	#472777
32222	#472777
32223	#472777
32224	#472777
32225	#472777
32226	#472777
32227	#472777
32228	#472777
32229	#472777
32230	#472777
32231	#472777
32232	#472777
32233	#472777
32234	#472777
32235	#472777
32236	#472777
32237	#472777
32238	#472777
32239	#472777
32240	#472777
32241	#472777
32242	#472777
32243	#472777
32244	#472777
32245	#472777
32246	#472777
32247	#472777
32248	#472777
32249	#472777
32250	#472777
32251	#472777
32252	#472777
32253	#472777
32254	#472777
32255	#472777
32256	#472777
32257	#472777
32258	#472777
32259	#472777
32260	#472777
32261	#472777
32262	#472777
32263	#472777
32264	#472777
32265	#472777
32266	#472777
32267	#472777
32268	#472777
32269	#472777
32270	#472777
32271	#472777
32272	#472777
32273	#472777
32274	#472777
32275	#472777
32276	#472676
32277	#472575
32278	#482374
32279	#482273
32280	#482273
32281	#472575
32282	#472A79
32283	#45347F
32284	#414086
32285	#3C4E8A
32286	#36598C
32287	#33618D
32288	#31668D
32289	#31648D
32290	#355D8D
32291	#3A538B
32292	#3F4687
32293	#443983
32294	#462E7C
32295	#472777
32296	#482374
32297	#441B6F
32298	#63477E
32299	#FCFEFB
32300	#FFFFFF
32301	#FFFFFF
32302	#FFFFFF
32303	#5B5B5B
32304	#000000
32305	#000000
32306	#000000
32307	#000000
32308	#000000
32309	#000000
32310	#000000
32311	#000000
32312	#000000
32313	#000000
32314	#000000
32315	#000000
32316	#000000
32317	#000000
32318	#000000
32319	#000000
32320	#000000
32321	#000000
32322	#000000
32323	#000000
32324	#000000
32325	#000000
32326	#000000
32327	#000000
32328	#000000
32329	#000000
32330	#000000
32331	#000000
32332	#000000
32333	#000000
32334	#000000
32335	#000000
32336	#000000
32337	#000000
32338	#000000
32339	#000000
32340	#000000
32341	#000000
32342	#000000
32343	#000000
32344	#000000
32345	#000000
32346	#000000
32347	#000000
32348	#000000
32349	#000000
32350	#000000
32351	#000000
32352	#000000
32353	#000000
32354	#000000
32355	#000000
32356	#000000
32357	#000000
32358	#000000
32359	#000000
32360	#000000
32361	#000000
32362	#000000
32363	#000000
32364	#000000
32365	#000000
32366	#000000
32367	#000000
32368	#000000
32369	#000000
32370	#000000
32371	#000000
32372	#000000
32373	#000000
32374	#000000
32375	#000000
32376	#000096
32377	#0000CF
32378	#0000D0
32379	#000078
32380	#000000
32381	#001100
32382	#003000
32383	#005500
32384	#007900
32385	#009700
32386	#00AA31
32387	#00AD2D
32388	#009C00
32389	#007E00
32390	#005900
32391	#003600
32392	#001700
32393	#000200
32394	#000042
32395	#0000CB
32396	#0000B9
32397	#A7A7D0
32398	#FFFFFF
32399	#FFFFFF
32400	#FFFFFF
32401	#FFFFFF
32402	#FFFFFF
32403	#FFFFFF
32404	#EAEAEB
32405	#4D3275
32406	#462577
32407	#472777
32408	#472777
32409	#472777
32410	#472777
32411	#472777
32412	#472777
32413	#472777
32414	#472777
32415	#472777
32416	#472777
32417	#472777
32418	#472777
32419	#472777
32420	#472777
32421	#472777
32422	#472777
32423	#472777
32424	#472777
32425	#472777
32426	#472777
32427	#472777
32428	#472777
32429	#472777
32430	#472777
32431	#472777
32432	#472777
32433	#472777
32434	#472777
32435	#472777
32436	#472777
32437	#472777
32438	#472777
32439	#472777
32440	#472777
32441	#472777
32442	#472777
32443	#472777
32444	#472777
32445	#472777
32446	#472777
32447	#472777
32448	#472777
32449	#472777
32450	#472777
32451	#472777
32452	#472777
32453	#472777
32454	#472777
32455	#472777
32456	#472777
32457	#472777
32458	#472777
32459	#472777
32460	#472777
32461	#472777
32462	#472777
32463	#472777
32464	#472777
32465	#472777
32466	#472777
32467	#472777
32468	#472777
32469	#472777
32470	#472777
32471	#472777
32472	#472777
32473	#472777
32474	#472777
32475	#472777
32476	#472676
32477	#472575
32478	#482374
32479	#482273
32480	#482273
32481	#472575
32482	#472A79
32483	#453480
32484	#414286
32485	#3B508A
32486	#355C8C
32487	#31658D
32488	#2F6A8D
32489	#30688D
32490	#33608D
32491	#39558B
32492	#3E4888
32493	#433B83
32494	#462F7C
32495	#472777
32496	#482374
32497	#441A6E
32498	#63467D
32499	#FCFEFB
32500	#FFFFFF
32501	#FFFFFF
32502	#FFFFFF
32503	#5B5B5B
32504	#000000
32505	#000000
32506	#000000
32507	#000000
32508	#000000
32509	#000000
32510	#000000
32511	#000000
32512	#000000
32513	#000000
32514	#000000
32515	#000000
32516	#000000
32517	#000000
32518	#000000
32519	#000000
32520	#000000
32521	#000000
32522	#000000
32523	#000000
32524	#000000
32525	#000000
32526	#000000
32527	#000000
32528	#000000
32529	#000000
32530	#000000
32531	#000000
32532	#000000
32533	#000000
32534	#000000
32535	#000000
32536	#000000
32537	#000000
32538	#000000
32539	#000000
32540	#000000
32541	#000000
32542	#000000
32543	#000000
32544	#000000
32545	#000000
32546	#000000
32547	#000000
32548	#000000
32549	#000000
32550	#000000
32551	#000000
32552	#000000
32553	#000000
32554	#000000
32555	#000000
32556	#000000
32557	#000000
32558	#000000
32559	#000000
32560	#000000
32561	#000000
32562	#000000
32563	#000000
32564	#000000
32565	#000000
32566	#000000
32567	#000000
32568	#000000
32569	#000000
32570	#000000
32571	#000000
32572	#000000
32573	#000000
32574	#000000
32575	#000000
32576	#000094
32577	#0000CF
32578	#0000D0
32579	#000076
32580	#000000
32581	#001200
32582	#003400
32583	#005B00
32584	#008100
32585	#00A00E
32586	#00B5AD
32587	#01B7BF
32588	#00A530
32589	#008600
32590	#006000
32591	#003900
32592	#001900
32593	#000300
32594	#00003F
32595	#0000C9
32596	#0000B5
32597	#A7A7CF
32598	#FFFFFF
32599	#FFFFFF
32600	#FFFFFF
32601	#FFFFFF
32602	#FFFFFF
32603	#FFFFFF
32604	#EAEAEB
32605	#4D3275
32606	#462577
32607	#472777
32608	#472777
32609	#472777
32610	#472777
32611	#472777
32612	#472777
32613	#472777
32614	#472777
32615	#472777
32616	#472777
32617	#472777
32618	#472777
32619	#472777
32620	#472777
32621	#472777
32622	#472777
32623	#472777
32624	#472777
32625	#472777
32626	#472777
32627	#472777
32628	#472777
32629	#472777
32630	#472777
32631	#472777
32632	#472777
32633	#472777
32634	#472777
32635	#472777
32636	#472777
32637	#472777
32638	#472777
32639	#472777
32640	#472777
32641	#472777
32642	#472777
32643	#472777
32644	#472777
32645	#472777
32646	#472777
32647	#472777
32648	#472777
32649	#472777
32650	#472777
32651	#472777
32652	#472777
32653	#472777
32654	#472777
32655	#472777
32656	#472777
32657	#472777
32658	#472777
32659	#472777
32660	#472777
32661	#472777
32662	#472777
32663	#472777
32664	#472777
32665	#472777
32666	#472777
32667	#472777
32668	#472777
32669	#472777
32670	#472777
32671	#472777
32672	#472777
32673	#472777
32674	#472777
32675	#472777
32676	#472676
32677	#472575
32678	#482273
32679	#482172
32680	#482172
32681	#472475
32682	#472A79
32683	#453580
32684	#404487
32685	#3A528B
32686	#345E8D
32687	#30688D
32688	#2E6D8E
32689	#2E6B8E
32690	#32628D
32691	#38578C
32692	#3E4988
32693	#433B83
32694	#462F7D
32695	#472777
32696	#482374
32697	#441A6E
32698	#63467D
32699	#FCFEFB
32700	#FFFFFF
32701	#FFFFFF
32702	#FFFFFF
32703	#5B5B5B
32704	#000000
32705	#000000
32706	#000000
32707	#000000
32708	#000000
32709	#000000
32710	#000000
32711	#000000
32712	#000000
32713	#000000
32714	#000000
32715	#000000
32716	#000000
32717	#000000
32718	#000000
32719	#000000
32720	#000000
32721	#000000
32722	#000000
32723	#000000
32724	#000000
32725	#000000
32726	#000000
32727	#000000
32728	#000000
32729	#000000
32730	#000000
32731	#000000
32732	#000000
32733	#000000
32734	#000000
32735	#000000
32736	#000000
32737	#000000
32738	#000000
32739	#000000
32740	#000000
32741	#000000
32742	#000000
32743	#000000
32744	#000000
32745	#000000
32746	#000000
32747	#000000
32748	#000000
32749	#000000
32750	#000000
32751	#000000
32752	#000000
32753	#000000
32754	#000000
32755	#000000
32756	#000000
32757	#000000
32758	#000000
32759	#000000
32760	#000000
32761	#000000
32762	#000000
32763	#000000
32764	#000000
32765	#000000
32766	#000000
32767	#000000
32768	#000000
32769	#000000
32770	#000000
32771	#000000
32772	#000000
32773	#000000
32774	#000000
32775	#00000E
32776	#0000A7
32777	#0000CA
32778	#0000CA
32779	#00008E
32780	#000006
32781	#001300
32782	#003700
32783	#006000
32784	#008800
32785	#00A83B
32786	#05C3C0
32787	#07C8C7
32788	#00AE56
32789	#008C00
32790	#006500
32791	#003D00
32792	#001B00
32793	#000300
32794	#00005E
32795	#0000C9
32796	#0000B5
32797	#A7A7CF
32798	#FFFFFF
32799	#FFFFFF
32800	#FFFFFF
32801	#FFFFFF
32802	#FFFFFF
32803	#FFFFFF
32804	#EAEAEB
32805	#4D3275
32806	#462577
32807	#472777
32808	#472777
32809	#472777
32810	#472777
32811	#472777
32812	#472777
32813	#472777
32814	#472777
32815	#472777
32816	#472777
32817	#472777
32818	#472777
32819	#472777
32820	#472777
32821	#472777
32822	#472777
32823	#472777
32824	#472777
32825	#472777
32826	#472777
32827	#472777
32828	#472777
32829	#472777
32830	#472777
32831	#472777
32832	#472777
32833	#472777
32834	#472777
32835	#472777
32836	#472777
32837	#472777
32838	#472777
32839	#472777
32840	#472777
32841	#472777
32842	#472777
32843	#472777
32844	#472777
32845	#472777
32846	#472777
32847	#472777
32848	#472777
32849	#472777
32850	#472777
32851	#472777
32852	#472777
32853	#472777
32854	#472777
32855	#472777
32856	#472777
32857	#472777
32858	#472777
32859	#472777
32860	#472777
32861	#472777
32862	#472777
32863	#472777
32864	#472777
32865	#472777
32866	#472777
32867	#472777
32868	#472777
32869	#472777
32870	#472777
32871	#472777
32872	#472777
32873	#472777
32874	#472777
32875	#472777
32876	#472676
32877	#482475
32878	#482273
32879	#482172
32880	#482172
32881	#482474
32882	#472B7A
32883	#453681
32884	#404587
32885	#39548B
32886	#33608D
32887	#2F6B8E
32888	#2C708E
32889	#2D6E8E
32890	#31658D
32891	#37598C
32892	#3D4B89
32893	#433C84
32894	#46307D
32895	#472777
32896	#482273
32897	#441A6E
32898	#63467D
32899	#FCFEFB
32900	#FFFFFF
32901	#FFFFFF
32902	#FFFFFF
32903	#5B5B5B
32904	#000000
32905	#000000
32906	#000000
32907	#000000
32908	#000000
32909	#000000
32910	#000000
32911	#000000
32912	#000000
32913	#000000
32914	#000000
32915	#000000
32916	#000000
32917	#000000
32918	#000000
32919	#000000
32920	#000000
32921	#000000
32922	#000000
32923	#000000
32924	#000000
32925	#000000
32926	#000000
32927	#000000
32928	#000000
32929	#000000
32930	#000000
32931	#000000
32932	#000000
32933	#000000
32934	#000000
32935	#000000
32936	#000000
32937	#000000
32938	#000000
32939	#000000
32940	#000000
32941	#000000
32942	#000000
32943	#000000
32944	#000000
32945	#000000
32946	#000000
32947	#000000
32948	#000000
32949	#000000
32950	#000000
32951	#000000
32952	#000000
32953	#000000
32954	#000000
32955	#000000
32956	#000000
32957	#000000
32958	#000000
32959	#000000
32960	#000000
32961	#000000
32962	#000000
32963	#000000
32964	#000000
32965	#000000
32966	#000000
32967	#000000
32968	#000000
32969	#000000
32970	#000000
32971	#000000
32972	#000000
32973	#000000
32974	#000000
32975	#00002A
32976	#0000C9
32977	#0000C5
32978	#0000C6
32979	#0000BB
32980	#000115
32981	#001500
32982	#003A00
32983	#006500
32984	#008F00
32985	#01B569
32986	#0C97C1
32987	#0E7EBB
32988	#02B58E
32989	#009400
32990	#006B00
32991	#004100
32992	#001C00
32993	#000400
32994	#000094
32995	#0000C9
32996	#0000B5
32997	#A7A7CF
32998	#FFFFFF
32999	#FFFFFF
33000	#FFFFFF
33001	#FFFFFF
33002	#FFFFFF
33003	#FFFFFF
33004	#EAEAEB
33005	#4D3275
33006	#462577
33007	#472777
33008	#472777
33009	#472777
33010	#472777
33011	#472777
33012	#472777
33013	#472777
33014	#472777
33015	#472777
33016	#472777
33017	#472777
33018	#472777
33019	#472777
33020	#472777
33021	#472777
33022	#472777
33023	#472777
33024	#472777
33025	#472777
33026	#472777
33027	#472777
33028	#472777
33029	#472777
33030	#472777
33031	#472777
33032	#472777
33033	#472777
33034	#472777
33035	#472777
33036	#472777
33037	#472777
33038	#472777
33039	#472777
33040	#472777
33041	#472777
33042	#472777
33043	#472777
33044	#472777
33045	#472777
33046	#472777
33047	#472777
33048	#472777
33049	#472777
33050	#472777
33051	#472777
33052	#472777
33053	#472777
33054	#472777
33055	#472777
33056	#472777
33057	#472777
33058	#472777
33059	#472777
33060	#472777
33061	#472777
33062	#472777
33063	#472777
33064	#472777
33065	#472777
33066	#472777
33067	#472777
33068	#472777
33069	#472777
33070	#472777
33071	#472777
33072	#472777
33073	#472777
33074	#472777
33075	#472777
33076	#472676
33077	#482475
33078	#482273
33079	#482172
33080	#482172
33081	#482474
33082	#472B7A
33083	#453681
33084	#3F4688
33085	#38568B
33086	#32638D
33087	#2E6D8E
33088	#2C728E
33089	#2C708E
33090	#30678D
33091	#365B8C
33092	#3D4C89
33093	#423D84
33094	#46307D
33095	#472777
33096	#482273
33097	#44196D
33098	#63457D
33099	#FCFEFB
33100	#FFFFFF
33101	#FFFFFF
33102	#FFFFFF
33103	#5B5B5B
33104	#000000
33105	#000000
33106	#000000
33107	#000000
33108	#000000
33109	#000000
33110	#000000
33111	#000000
33112	#000000
33113	#000000
33114	#000000
33115	#000000
33116	#000000
33117	#000000
33118	#000000
33119	#000000
33120	#000000
33121	#000000
33122	#000000
33123	#000000
33124	#000000
33125	#000000
33126	#000000
33127	#000000
33128	#000000
33129	#000000
33130	#000000
33131	#000000
33132	#000000
33133	#000000
33134	#000000
33135	#000000
33136	#000000
33137	#000000
33138	#000000
33139	#000000
33140	#000000
33141	#000000
33142	#000000
33143	#000000
33144	#000000
33145	#000000
33146	#000000
33147	#000000
33148	#000000
33149	#000000
33150	#000000
33151	#000000
33152	#000000
33153	#000000
33154	#000000
33155	#000000
33156	#000000
33157	#000000
33158	#000000
33159	#000000
33160	#000000
33161	#000000
33162	#000000
33163	#000000
33164	#000000
33165	#000000
33166	#000000
33167	#000000
33168	#000000
33169	#000000
33170	#000000
33171	#000000
33172	#000000
33173	#000000
33174	#000000
33175	#000029
33176	#0000C8
33177	#0000C5
33178	#0000C6
33179	#0000B9
33180	#000114
33181	#001600
33182	#003D00
33183	#006900
33184	#009509
33185	#04BC98
33186	#1238B6
33187	#140CB3
33188	#05B1A5
33189	#009C13
33190	#006F00
33191	#004400
33192	#001E00
33193	#000400
33194	#000092
33195	#0000C7
33196	#0000B2
33197	#A7A7CE
33198	#FFFFFF
33199	#FFFFFF
33200	#FFFFFF
33201	#FFFFFF
33202	#FFFFFF
33203	#FFFFFF
33204	#EAEAEB
33205	#4D3275
33206	#462577
33207	#472777
33208	#472777
33209	#472777
33210	#472777
33211	#472777
33212	#472777
33213	#472777
33214	#472777
33215	#472777
33216	#472777
33217	#472777
33218	#472777
33219	#472777
33220	#472777
33221	#472777
33222	#472777
33223	#472777
33224	#472777
33225	#472777
33226	#472777
33227	#472777
33228	#472777
33229	#472777
33230	#472777
33231	#472777
33232	#472777
33233	#472777
33234	#472777
33235	#472777
33236	#472777
33237	#472777
33238	#472777
33239	#472777
33240	#472777
33241	#472777
33242	#472777
33243	#472777
33244	#472777
33245	#472777
33246	#472777
33247	#472777
33248	#472777
33249	#472777
33250	#472777
33251	#472777
33252	#472777
33253	#472777
33254	#472777
33255	#472777
33256	#472777
33257	#472777
33258	#472777
33259	#472777
33260	#472777
33261	#472777
33262	#472777
33263	#472777
33264	#472777
33265	#472777
33266	#472777
33267	#472777
33268	#472777
33269	#472777
33270	#472777
33271	#472777
33272	#472777
33273	#472777
33274	#472777
33275	#472777
33276	#472676
33277	#482475
33278	#482273
33279	#482172
33280	#482172
33281	#482474
33282	#472B7A
33283	#443781
33284	#3F4788
33285	#38578C
33286	#31648D
33287	#2D6F8E
33288	#2A758E
33289	#2B728E
33290	#2F698D
33291	#355D8C
33292	#3C4E8A
33293	#423F85
33294	#46317E
33295	#472777
33296	#482273
33297	#44186D
33298	#63457D
33299	#FCFEFB
33300	#FFFFFF
33301	#FFFFFF
33302	#FFFFFF
33303	#5B5B5B
33304	#000000
33305	#000000
33306	#000000
33307	#000000
33308	#000000
33309	#000000
33310	#000000
33311	#000000
33312	#000000
33313	#000000
33314	#000000
33315	#000000
33316	#000000
33317	#000000
33318	#000000
33319	#000000
33320	#000000
33321	#000000
33322	#000000
33323	#000000
33324	#000000
33325	#000000
33326	#000000
33327	#000000
33328	#000000
33329	#000000
33330	#000000
33331	#000000
33332	#000000
33333	#000000
33334	#000000
33335	#000000
33336	#000000
33337	#000000
33338	#000000
33339	#000000
33340	#000000
33341	#000000
33342	#000000
33343	#000000
33344	#000000
33345	#000000
33346	#000000
33347	#000000
33348	#000000
33349	#000000
33350	#000000
33351	#000000
33352	#000000
33353	#000000
33354	#000000
33355	#000000
33356	#000000
33357	#000000
33358	#000000
33359	#000000
33360	#000000
33361	#000000
33362	#000000
33363	#000000
33364	#000000
33365	#000000
33366	#000000
33367	#000000
33368	#000000
33369	#000000
33370	#000000
33371	#000000
33372	#000000
33373	#000000
33374	#000000
33375	#000029
33376	#0000C8
33377	#0000C5
33378	#0000C6
33379	#0000B9
33380	#000114
33381	#001700
33382	#003F00
33383	#006D00
33384	#009D0D
33385	#06A5AA
33386	#180CAE
33387	#1A07AA
33388	#088FBF
33389	#00A434
33390	#007300
33391	#004700
33392	#002000
33393	#000400
33394	#000092
33395	#0000C6
33396	#0000B1
33397	#A7A7CE
33398	#FFFFFF
33399	#FFFFFF
33400	#FFFFFF
33401	#FFFFFF
33402	#FFFFFF
33403	#FFFFFF
33404	#EAEAEB
33405	#4D3275
33406	#462577
33407	#472777
33408	#472777
33409	#472777
33410	#472777
33411	#472777
33412	#472777
33413	#472777
33414	#472777
33415	#472777
33416	#472777
33417	#472777
33418	#472777
33419	#472777
33420	#472777
33421	#472777
33422	#472777
33423	#472777
33424	#472777
33425	#472777
33426	#472777
33427	#472777
33428	#472777
33429	#472777
33430	#472777
33431	#472777
33432	#472777
33433	#472777
33434	#472777
33435	#472777
33436	#472777
33437	#472777
33438	#472777
33439	#472777
33440	#472777
33441	#472777
33442	#472777
33443	#472777
33444	#472777
33445	#472777
33446	#472777
33447	#472777
33448	#472777
33449	#472777
33450	#472777
33451	#472777
33452	#472777
33453	#472777
33454	#472777
33455	#472777
33456	#472777
33457	#472777
33458	#472777
33459	#472777
33460	#472777
33461	#472777
33462	#472777
33463	#472777
33464	#472777
33465	#472777
33466	#472777
33467	#472777
33468	#472777
33469	#472777
33470	#472777
33471	#472777
33472	#472777
33473	#472777
33474	#472777
33475	#472777
33476	#472676
33477	#482475
33478	#482273
33479	#482172
33480	#482172
33481	#482474
33482	#472B7A
33483	#443781
33484	#3E4888
33485	#37588C
33486	#31668D
33487	#2C708E
33488	#2A768E
33489	#2B748E
33490	#2F6A8E
33491	#345E8D
33492	#3C4F8A
33493	#423F85
33494	#46317E
33495	#472777
33496	#482273
33497	#44186D
33498	#63457D
33499	#FCFEFB
33500	#FFFFFF
33501	#FFFFFF
33502	#FFFFFF
33503	#5B5B5B
33504	#000000
33505	#000000
33506	#000000
33507	#000000
33508	#000000
33509	#000000
33510	#000000
33511	#000000
33512	#000000
33513	#000000
33514	#000000
33515	#000000
33516	#000000
33517	#000000
33518	#000000
33519	#000000
33520	#000000
33521	#000000
33522	#000000
33523	#000000
33524	#000000
33525	#000000
33526	#000000
33527	#000000
33528	#000000
33529	#000000
33530	#000000
33531	#000000
33532	#000000
33533	#000000
33534	#000000
33535	#000000
33536	#000000
33537	#000000
33538	#000000
33539	#000000
33540	#000000
33541	#000000
33542	#000000
33543	#000000
33544	#000000
33545	#000000
33546	#000000
33547	#000000
33548	#000000
33549	#000000
33550	#000000
33551	#000000
33552	#000000
33553	#000000
33554	#000000
33555	#000000
33556	#000000
33557	#000000
33558	#000000
33559	#000000
33560	#000000
33561	#000000
33562	#000000
33563	#000000
33564	#000000
33565	#000000
33566	#000000
33567	#000000
33568	#000000
33569	#000000
33570	#000000
33571	#000000
33572	#000000
33573	#000000
33574	#000000
33575	#000029
33576	#0000C8
33577	#0000C5
33578	#0000C6
33579	#0000B9
33580	#000114
33581	#001700
33582	#004000
33583	#006F00
33584	#00A30D
33585	#0988A4
33586	#1D03AA
33587	#1F00A5
33588	#0C71B9
33589	#00AB32
33590	#007600
33591	#004800
33592	#002000
33593	#000400
33594	#000092
33595	#0000C6
33596	#0000B1
33597	#A7A7CE
33598	#FFFFFF
33599	#FFFFFF
33600	#FFFFFF
33601	#FFFFFF
33602	#FFFFFF
33603	#FFFFFF
33604	#EAEAEB
33605	#4D3275
33606	#462577
33607	#472777
33608	#472777
33609	#472777
33610	#472777
33611	#472777
33612	#472777
33613	#472777
33614	#472777
33615	#472777
33616	#472777
33617	#472777
33618	#472777
33619	#472777
33620	#472777
33621	#472777
33622	#472777
33623	#472777
33624	#472777
33625	#472777
33626	#472777
33627	#472777
33628	#472777
33629	#472777
33630	#472777
33631	#472777
33632	#472777
33633	#472777
33634	#472777
33635	#472777
33636	#472777
33637	#472777
33638	#472777
33639	#472777
33640	#472777
33641	#472777
33642	#472777
33643	#472777
33644	#472777
33645	#472777
33646	#472777
33647	#472777
33648	#472777
33649	#472777
33650	#472777
33651	#472777
33652	#472777
33653	#472777
33654	#472777
33655	#472777
33656	#472777
33657	#472777
33658	#472777
33659	#472777
33660	#472777
33661	#472777
33662	#472777
33663	#472777
33664	#472777
33665	#472777
33666	#472777
33667	#472777
33668	#472777
33669	#472777
33670	#472777
33671	#472777
33672	#472777
33673	#472777
33674	#472777
33675	#472777
33676	#472676
33677	#482475
33678	#482273
33679	#482172
33680	#482172
33681	#482474
33682	#472B7A
33683	#443781
33684	#3E4888
33685	#37598C
33686	#30668D
33687	#2C718E
33688	#2A778E
33689	#2B748E
33690	#2E6B8E
33691	#345F8D
33692	#3B4F8A
33693	#423F85
33694	#46317E
33695	#472777
33696	#482273
33697	#44186D
33698	#63457D
33699	#FCFEFB
33700	#FFFFFF
33701	#FFFFFF
33702	#FFFFFF
33703	#5B5B5B
33704	#000000
33705	#000000
33706	#000000
33707	#000000
33708	#000000
33709	#000000
33710	#000000
33711	#000000
33712	#000000
33713	#000000
33714	#000000
33715	#000000
33716	#000000
33717	#000000
33718	#000000
33719	#000000
33720	#000000
33721	#000000
33722	#000000
33723	#000000
33724	#000000
33725	#000000
33726	#000000
33727	#000000
33728	#000000
33729	#000000
33730	#000000
33731	#000000
33732	#000000
33733	#000000
33734	#000000
33735	#000000
33736	#000000
33737	#000000
33738	#000000
33739	#000000
33740	#000000
33741	#000000
33742	#000000
33743	#000000
33744	#000000
33745	#000000
33746	#000000
33747	#000000
33748	#000000
33749	#000000
33750	#000000
33751	#000000
33752	#000000
33753	#000000
33754	#000000
33755	#000000
33756	#000000
33757	#000000
33758	#000000
33759	#000000
33760	#000000
33761	#000000
33762	#000000
33763	#000000
33764	#000000
33765	#000000
33766	#000000
33767	#000000
33768	#000000
33769	#000000
33770	#000000
33771	#000000
33772	#000000
33773	#000000
33774	#000000
33775	#000029
33776	#0000C8
33777	#0000C5
33778	#0000C6
33779	#0000B9
33780	#000114
33781	#001700
33782	#004000
33783	#007100
33784	#00A80D
33785	#0A54A2
33786	#1F00A8
33787	#2100A4
33788	#0E75B8
33789	#00AE32
33790	#007800
33791	#004800
33792	#002000
33793	#000400
33794	#000092
33795	#0000C6
33796	#0000B1
33797	#A7A7CE
33798	#FFFFFF
33799	#FFFFFF
33800	#FFFFFF
33801	#FFFFFF
33802	#FFFFFF
33803	#FFFFFF
33804	#EAEAEB
33805	#4D3275
33806	#462577
33807	#472777
33808	#472777
33809	#472777
33810	#472777
33811	#472777
33812	#472777
33813	#472777
33814	#472777
33815	#472777
33816	#472777
33817	#472777
33818	#472777
33819	#472777
33820	#472777
33821	#472777
33822	#472777
33823	#472777
33824	#472777
33825	#472777
33826	#472777
33827	#472777
33828	#472777
33829	#472777
33830	#472777
33831	#472777
33832	#472777
33833	#472777
33834	#472777
33835	#472777
33836	#472777
33837	#472777
33838	#472777
33839	#472777
33840	#472777
33841	#472777
33842	#472777
33843	#472777
33844	#472777
33845	#472777
33846	#472777
33847	#472777
33848	#472777
33849	#472777
33850	#472777
33851	#472777
33852	#472777
33853	#472777
33854	#472777
33855	#472777
33856	#472777
33857	#472777
33858	#472777
33859	#472777
33860	#472777
33861	#472777
33862	#472777
33863	#472777
33864	#472777
33865	#472777
33866	#472777
33867	#472777
33868	#472777
33869	#472777
33870	#472777
33871	#472777
33872	#472777
33873	#472777
33874	#472777
33875	#472777
33876	#472676
33877	#482475
33878	#482273
33879	#482172
33880	#482172
33881	#482474
33882	#472B7A
33883	#443781
33884	#3E4888
33885	#37598C
33886	#30668D
33887	#2C718E
33888	#2A778E
33889	#2B748E
33890	#2E6B8E
33891	#345F8D
33892	#3B4F8A
33893	#423F85
33894	#46317E
33895	#472777
33896	#482273
33897	#44186D
33898	#63457D
33899	#FCFEFB
33900	#FFFFFF
33901	#FFFFFF
33902	#FFFFFF
33903	#5B5B5B
33904	#000000
33905	#000000
33906	#000000
33907	#000000
33908	#000000
33909	#000000
33910	#000000
33911	#000000
33912	#000000
33913	#000000
33914	#000000
33915	#000000
33916	#000000
33917	#000000
33918	#000000
33919	#000000
33920	#000000
33921	#000000
33922	#000000
33923	#000000
33924	#000000
33925	#000000
33926	#000000
33927	#000000
33928	#000000
33929	#000000
33930	#000000
33931	#000000
33932	#000000
33933	#000000
33934	#000000
33935	#000000
33936	#000000
33937	#000000
33938	#000000
33939	#000000
33940	#000000
33941	#000000
33942	#000000
33943	#000000
33944	#000000
33945	#000000
33946	#000000
33947	#000000
33948	#000000
33949	#000000
33950	#000000
33951	#000000
33952	#000000
33953	#000000
33954	#000000
33955	#000000
33956	#000000
33957	#000000
33958	#000000
33959	#000000
33960	#000000
33961	#000000
33962	#000000
33963	#000000
33964	#000000
33965	#000000
33966	#000000
33967	#000000
33968	#000000
33969	#000000
33970	#000000
33971	#000000
33972	#000000
33973	#000000
33974	#000000
33975	#000029
33976	#0000C8
33977	#0000C5
33978	#0000C6
33979	#0000B9
33980	#000114
33981	#001700
33982	#004100
33983	#007100
33984	#00A70D
33985	#0A5AA2
33986	#1F00A8
33987	#2100A4
33988	#0E75B8
33989	#00AD32
33990	#007800
33991	#004800
33992	#002000
33993	#000400
33994	#000092
33995	#0000C6
33996	#0000B1
33997	#A7A7CE
33998	#FFFFFF
33999	#FFFFFF
34000	#FFFFFF
34001	#FFFFFF
34002	#FFFFFF
34003	#FFFFFF
34004	#EAEAEB
34005	#4D3275
34006	#462577
34007	#472777
34008	#472777
34009	#472777
34010	#472777
34011	#472777
34012	#472777
34013	#472777
34014	#472777
34015	#472777
34016	#472777
34017	#472777
34018	#472777
34019	#472777
34020	#472777
34021	#472777
34022	#472777
34023	#472777
34024	#472777
34025	#472777
34026	#472777
34027	#472777
34028	#472777
34029	#472777
34030	#472777
34031	#472777
34032	#472777
34033	#472777
34034	#472777
34035	#472777
34036	#472777
34037	#472777
34038	#472777
34039	#472777
34040	#472777
34041	#472777
34042	#472777
34043	#472777
34044	#472777
34045	#472777
34046	#472777
34047	#472777
34048	#472777
34049	#472777
34050	#472777
34051	#472777
34052	#472777
34053	#472777
34054	#472777
34055	#472777
34056	#472777
34057	#472777
34058	#472777
34059	#472777
34060	#472777
34061	#472777
34062	#472777
34063	#472777
34064	#472777
34065	#472777
34066	#472777
34067	#472777
34068	#472777
34069	#472777
34070	#472777
34071	#472777
34072	#472777
34073	#472777
34074	#472777
34075	#472777
34076	#472676
34077	#482475
34078	#482273
34079	#482172
34080	#482172
34081	#482474
34082	#472B7A
34083	#443781
34084	#3E4888
34085	#37588C
34086	#31668D
34087	#2C718E
34088	#2A768E
34089	#2B748E
34090	#2F6B8E
34091	#345E8D
34092	#3C4E8A
34093	#423F85
34094	#46317E
34095	#472777
34096	#482172
34097	#44186D
34098	#63457D
34099	#FCFEFB
34100	#FFFFFF
34101	#FFFFFF
34102	#FFFFFF
34103	#5B5B5B
34104	#000000
34105	#000000
34106	#000000
34107	#000000
34108	#000000
34109	#000000
34110	#000000
34111	#000000
34112	#000000
34113	#000000
34114	#000000
34115	#000000
34116	#000000
34117	#000000
34118	#000000
34119	#000000
34120	#000000
34121	#000000
34122	#000000
34123	#000000
34124	#000000
34125	#000000
34126	#000000
34127	#000000
34128	#000000
34129	#000000
34130	#000000
34131	#000000
34132	#000000
34133	#000000
34134	#000000
34135	#000000
34136	#000000
34137	#000000
34138	#000000
34139	#000000
34140	#000000
34141	#000000
34142	#000000
34143	#000000
34144	#000000
34145	#000000
34146	#000000
34147	#000000
34148	#000000
34149	#000000
34150	#000000
34151	#000000
34152	#000000
34153	#000000
34154	#000000
34155	#000000
34156	#000000
34157	#000000
34158	#000000
34159	#000000
34160	#000000
34161	#000000
34162	#000000
34163	#000000
34164	#000000
34165	#000000
34166	#000000
34167	#000000
34168	#000000
34169	#000000
34170	#000000
34171	#000000
34172	#000000
34173	#000000
34174	#000000
34175	#000029
34176	#0000C8
34177	#0000C5
34178	#0000C6
34179	#0000B9
34180	#000114
34181	#001800
34182	#004000
34183	#006F00
34184	#00A20D
34185	#0A98A4
34186	#1E05A9
34187	#2000A5
34188	#0D75B9
34189	#00AC32
34190	#007600
34191	#004800
34192	#002000
34193	#000400
34194	#000091
34195	#0000C5
34196	#0000B1
34197	#A7A7CE
34198	#FFFFFF
34199	#FFFFFF
34200	#FFFFFF
34201	#FFFFFF
34202	#FFFFFF
34203	#FFFFFF
34204	#EAEAEB
34205	#4D3275
34206	#462577
34207	#472777
34208	#472777
34209	#472777
34210	#472777
34211	#472777
34212	#472777
34213	#472777
34214	#472777
34215	#472777
34216	#472777
34217	#472777
34218	#472777
34219	#472777
34220	#472777
34221	#472777
34222	#472777
34223	#472777
34224	#472777
34225	#472777
34226	#472777
34227	#472777
34228	#472777
34229	#472777
34230	#472777
34231	#472777
34232	#472777
34233	#472777
34234	#472777
34235	#472777
34236	#472777
34237	#472777
34238	#472777
34239	#472777
34240	#472777
34241	#472777
34242	#472777
34243	#472777
34244	#472777
34245	#472777
34246	#472777
34247	#472777
34248	#472777
34249	#472777
34250	#472777
34251	#472777
34252	#472777
34253	#472777
34254	#472777
34255	#472777
34256	#472777
34257	#472777
34258	#472777
34259	#472777
34260	#472777
34261	#472777
34262	#472777
34263	#472777
34264	#472777
34265	#472777
34266	#472777
34267	#472777
34268	#472777
34269	#472777
34270	#472777
34271	#472777
34272	#472777
34273	#472777
34274	#472777
34275	#472777
34276	#472676
34277	#482474
34278	#482273
34279	#482172
34280	#482172
34281	#482374
34282	#472B7A
34283	#443882
34284	#3E4888
34285	#37588C
34286	#31668D
34287	#2C708E
34288	#2A768E
34289	#2B738E
34290	#2F6B8E
34291	#345E8D
34292	#3C4E8A
34293	#423F85
34294	#46317E
34295	#472777
34296	#482172
34297	#44186D
34298	#63457D
34299	#FCFEFB
34300	#FFFFFF
34301	#FFFFFF
34302	#FFFFFF
34303	#5B5B5B
34304	#000000
34305	#000000
34306	#000000
34307	#000000
34308	#000000
34309	#000000
34310	#000000
34311	#000000
34312	#000000
34313	#000000
34314	#000000
34315	#000000
34316	#000000
34317	#000000
34318	#000000
34319	#000000
34320	#000000
34321	#000000
34322	#000000
34323	#000000
34324	#000000
34325	#000000
34326	#000000
34327	#000000
34328	#000000
34329	#000000
34330	#000000
34331	#000000
34332	#000000
34333	#000000
34334	#000000
34335	#000000
34336	#000000
34337	#000000
34338	#000000
34339	#000000
34340	#000000
34341	#000000
34342	#000000
34343	#000000
34344	#000000
34345	#000000
34346	#000000
34347	#000000
34348	#000000
34349	#000000
34350	#000000
34351	#000000
34352	#000000
34353	#000000
34354	#000000
34355	#000000
34356	#000000
34357	#000000
34358	#000000
34359	#000000
34360	#000000
34361	#000000
34362	#000000
34363	#000000
34364	#000000
34365	#000000
34366	#000000
34367	#000000
34368	#000000
34369	#000000
34370	#000000
34371	#000000
34372	#000000
34373	#000000
34374	#000000
34375	#000029
34376	#0000C6
34377	#0000C5
34378	#0000C6
34379	#0000B9
34380	#000114
34381	#001900
34382	#004100
34383	#006F00
34384	#00A20D
34385	#09A3A5
34386	#1C06AB
34387	#1E00A6
34388	#0B73BA
34389	#00AC32
34390	#007600
34391	#004800
34392	#002000
34393	#000400
34394	#000091
34395	#0000C5
34396	#0000B1
34397	#A7A7CE
34398	#FFFFFF
34399	#FFFFFF
34400	#FFFFFF
34401	#FFFFFF
34402	#FFFFFF
34403	#FFFFFF
34404	#EAEAEB
34405	#4D3275
34406	#462577
34407	#472777
34408	#472777
34409	#472777
34410	#472777
34411	#472777
34412	#472777
34413	#472777
34414	#472777
34415	#472777
34416	#472777
34417	#472777
34418	#472777
34419	#472777
34420	#472777
34421	#472777
34422	#472777
34423	#472777
34424	#472777
34425	#472777
34426	#472777
34427	#472777
34428	#472777
34429	#472777
34430	#472777
34431	#472777
34432	#472777
34433	#472777
34434	#472777
34435	#472777
34436	#472777
34437	#472777
34438	#472777
34439	#472777
34440	#472777
34441	#472777
34442	#472777
34443	#472777
34444	#472777
34445	#472777
34446	#472777
34447	#472777
34448	#472777
34449	#472777
34450	#472777
34451	#472777
34452	#472777
34453	#472777
34454	#472777
34455	#472777
34456	#472777
34457	#472777
34458	#472777
34459	#472777
34460	#472777
34461	#472777
34462	#472777
34463	#472777
34464	#472777
34465	#472777
34466	#472777
34467	#472777
34468	#472777
34469	#472777
34470	#472777
34471	#472777
34472	#472777
34473	#472777
34474	#472777
34475	#472777
34476	#472676
34477	#482474
34478	#482273
34479	#482172
34480	#482172
34481	#482374
34482	#472B7A
34483	#443882
34484	#3E4888
34485	#37588C
34486	#31668D
34487	#2C718E
34488	#2A768E
34489	#2B748E
34490	#2E6B8E
34491	#345E8D
34492	#3C4E8A
34493	#423F85
34494	#46317E
34495	#472777
34496	#482172
34497	#44186D
34498	#63457D
34499	#FCFEFB
34500	#FFFFFF
34501	#FFFFFF
34502	#FFFFFF
34503	#5B5B5B
34504	#000000
34505	#000000
34506	#000000
34507	#000000
34508	#000000
34509	#000000
34510	#000000
34511	#000000
34512	#000000
34513	#000000
34514	#000000
34515	#000000
34516	#000000
34517	#000000
34518	#000000
34519	#000000
34520	#000000
34521	#000000
34522	#000000
34523	#000000
34524	#000000
34525	#000000
34526	#000000
34527	#000000
34528	#000000
34529	#000000
34530	#000000
34531	#000000
34532	#000000
34533	#000000
34534	#000000
34535	#000000
34536	#000000
34537	#000000
34538	#000000
34539	#000000
34540	#000000
34541	#000000
34542	#000000
34543	#000000
34544	#000000
34545	#000000
34546	#000000
34547	#000000
34548	#000000
34549	#000000
34550	#000000
34551	#000000
34552	#000000
34553	#000000
34554	#000000
34555	#000000
34556	#000000
34557	#000000
34558	#000000
34559	#000000
34560	#000000
34561	#000000
34562	#000000
34563	#000000
34564	#000000
34565	#000000
34566	#000000
34567	#000000
34568	#000000
34569	#000000
34570	#000000
34571	#000000
34572	#000000
34573	#000000
34574	#000000
34575	#000029
34576	#0000C6
34577	#0000C5
34578	#0000C6
34579	#0000B9
34580	#000114
34581	#001900
34582	#004100
34583	#006F00
34584	#00A20C
34585	#09A3A4
34586	#1D06AA
34587	#1F00A5
34588	#0D75B9
34589	#00AC32
34590	#007600
34591	#004800
34592	#002000
34593	#000400
34594	#000091
34595	#0000C5
34596	#0000B1
34597	#A7A7CE
34598	#FFFFFF
34599	#FFFFFF
34600	#FFFFFF
34601	#FFFFFF
34602	#FFFFFF
34603	#FFFFFF
34604	#EAEAEB
34605	#4D3275
34606	#462577
34607	#472777
34608	#472777
34609	#472777
34610	#472777
34611	#472777
34612	#472777
34613	#472777
34614	#472777
34615	#472777
34616	#472777
34617	#472777
34618	#472777
34619	#472777
34620	#472777
34621	#472777
34622	#472777
34623	#472777
34624	#472777
34625	#472777
34626	#472777
34627	#472777
34628	#472777
34629	#472777
34630	#472777
34631	#472777
34632	#472777
34633	#472777
34634	#472777
34635	#472777
34636	#472777
34637	#472777
34638	#472777
34639	#472777
34640	#472777
34641	#472777
34642	#472777
34643	#472777
34644	#472777
34645	#472777
34646	#472777
34647	#472777
34648	#472777
34649	#472777
34650	#472777
34651	#472777
34652	#472777
34653	#472777
34654	#472777
34655	#472777
34656	#472777
34657	#472777
34658	#472777
34659	#472777
34660	#472777
34661	#472777
34662	#472777
34663	#472777
34664	#472777
34665	#472777
34666	#472777
34667	#472777
34668	#472777
34669	#472777
34670	#472777
34671	#472777
34672	#472777
34673	#472777
34674	#472777
34675	#472777
34676	#472676
34677	#482474
34678	#482273
34679	#482172
34680	#482172
34681	#482374
34682	#472B7A
34683	#443882
34684	#3E4888
34685	#37598C
34686	#30678D
34687	#2C728E
34688	#29778E
34689	#2A758E
34690	#2E6C8E
34691	#345F8D
34692	#3B4F8A
34693	#423F85
34694	#46317E
34695	#472777
34696	#482172
34697	#44186D
34698	#63457D
34699	#FCFEFB
34700	#FFFFFF
34701	#FFFFFF
34702	#FFFFFF
34703	#5B5B5B
34704	#000000
34705	#000000
34706	#000000
34707	#000000
34708	#000000
34709	#000000
34710	#000000
34711	#000000
34712	#000000
34713	#000000
34714	#000000
34715	#000000
34716	#000000
34717	#000000
34718	#000000
34719	#000000
34720	#000000
34721	#000000
34722	#000000
34723	#000000
34724	#000000
34725	#000000
34726	#000000
34727	#000000
34728	#000000
34729	#000000
34730	#000000
34731	#000000
34732	#000000
34733	#000000
34734	#000000
34735	#000000
34736	#000000
34737	#000000
34738	#000000
34739	#000000
34740	#000000
34741	#000000
34742	#000000
34743	#000000
34744	#000000
34745	#000000
34746	#000000
34747	#000000
34748	#000000
34749	#000000
34750	#000000
34751	#000000
34752	#000000
34753	#000000
34754	#000000
34755	#000000
34756	#000000
34757	#000000
34758	#000000
34759	#000000
34760	#000000
34761	#000000
34762	#000000
34763	#000000
34764	#000000
34765	#000000
34766	#000000
34767	#000000
34768	#000000
34769	#000000
34770	#000000
34771	#000000
34772	#000000
34773	#000000
34774	#000000
34775	#000029
34776	#0000C6
34777	#0000C5
34778	#0000C6
34779	#0000B9
34780	#000114
34781	#001900
34782	#004100
34783	#007200
34784	#00A739
34785	#0B6FB7
34786	#1F01A5
34787	#2200A2
34788	#0F73B6
34789	#00AE2F
34790	#007800
34791	#004900
34792	#002000
34793	#000400
34794	#000091
34795	#0000C5
34796	#0000B1
34797	#A7A7CE
34798	#FFFFFF
34799	#FFFFFF
34800	#FFFFFF
34801	#FFFFFF
34802	#FFFFFF
34803	#FFFFFF
34804	#EAEAEB
34805	#4D3275
34806	#462577
34807	#472777
34808	#472777
34809	#472777
34810	#472777
34811	#472777
34812	#472777
34813	#472777
34814	#472777
34815	#472777
34816	#472777
34817	#472777
34818	#472777
34819	#472777
34820	#472777
34821	#472777
34822	#472777
34823	#472777
34824	#472777
34825	#472777
34826	#472777
34827	#472777
34828	#472777
34829	#472777
34830	#472777
34831	#472777
34832	#472777
34833	#472777
34834	#472777
34835	#472777
34836	#472777
34837	#472777
34838	#472777
34839	#472777
34840	#472777
34841	#472777
34842	#472777
34843	#472777
34844	#472777
34845	#472777
34846	#472777
34847	#472777
34848	#472777
34849	#472777
34850	#472777
34851	#472777
34852	#472777
34853	#472777
34854	#472777
34855	#472777
34856	#472777
34857	#472777
34858	#472777
34859	#472777
34860	#472777
34861	#472777
34862	#472777
34863	#472777
34864	#472777
34865	#472777
34866	#472777
34867	#472777
34868	#472777
34869	#472777
34870	#472777
34871	#472777
34872	#472777
34873	#472777
34874	#472777
34875	#472777
34876	#472676
34877	#482474
34878	#482273
34879	#482172
34880	#482172
34881	#482374
34882	#472B7A
34883	#443882
34884	#3E4989
34885	#365A8C
34886	#2F698D
34887	#2B748E
34888	#28798E
34889	#29778E
34890	#2D6D8E
34891	#33608D
34892	#3B508A
34893	#414085
34894	#46317E
34895	#472777
34896	#482172
34897	#44186D
34898	#63457D
34899	#FCFEFB
34900	#FFFFFF
34901	#FFFFFF
34902	#FFFFFF
34903	#5B5B5B
34904	#000000
34905	#000000
34906	#000000
34907	#000000
34908	#000000
34909	#000000
34910	#000000
34911	#000000
34912	#000000
34913	#000000
34914	#000000
34915	#000000
34916	#000000
34917	#000000
34918	#000000
34919	#000000
34920	#000000
34921	#000000
34922	#000000
34923	#000000
34924	#000000
34925	#000000
34926	#000000
34927	#000000
34928	#000000
34929	#000000
34930	#000000
34931	#000000
34932	#000000
34933	#000000
34934	#000000
34935	#000000
34936	#000000
34937	#000000
34938	#000000
34939	#000000
34940	#000000
34941	#000000
34942	#000000
34943	#000000
34944	#000000
34945	#000000
34946	#000000
34947	#000000
34948	#000000
34949	#000000
34950	#000000
34951	#000000
34952	#000000
34953	#000000
34954	#000000
34955	#000000
34956	#000000
34957	#000000
34958	#000000
34959	#000000
34960	#000000
34961	#000000
34962	#000000
34963	#000000
34964	#000000
34965	#000000
34966	#000000
34967	#000000
34968	#000000
34969	#000000
34970	#000000
34971	#000000
34972	#000000
34973	#000000
34974	#000000
34975	#000029
34976	#0000C6
34977	#0000C5
34978	#0000C6
34979	#0000B9
34980	#000114
34981	#001900
34982	#004300
34983	#007600
34984	#00AE4D
34985	#0F5ABC
34986	#24009F
34987	#28009C
34988	#1336B4
34989	#00AD59
34990	#007D00
34991	#004B00
34992	#002100
34993	#000400
34994	#000091
34995	#0000C5
34996	#0000B1
34997	#A7A7CE
34998	#FFFFFF
34999	#FFFFFF
35000	#FFFFFF
35001	#FFFFFF
35002	#FFFFFF
35003	#FFFFFF
35004	#EAEAEB
35005	#4D3275
35006	#462577
35007	#472777
35008	#472777
35009	#472777
35010	#472777
35011	#472777
35012	#472777
35013	#472777
35014	#472777
35015	#472777
35016	#472777
35017	#472777
35018	#472777
35019	#472777
35020	#472777
35021	#472777
35022	#472777
35023	#472777
35024	#472777
35025	#472777
35026	#472777
35027	#472777
35028	#472777
35029	#472777
35030	#472777
35031	#472777
35032	#472777
35033	#472777
35034	#472777
35035	#472777
35036	#472777
35037	#472777
35038	#472777
35039	#472777
35040	#472777
35041	#472777
35042	#472777
35043	#472777
35044	#472777
35045	#472777
35046	#472777
35047	#472777
35048	#472777
35049	#472777
35050	#472777
35051	#472777
35052	#472777
35053	#472777
35054	#472777
35055	#472777
35056	#472777
35057	#472777
35058	#472777
35059	#472777
35060	#472777
35061	#472777
35062	#472777
35063	#472777
35064	#472777
35065	#472777
35066	#472777
35067	#472777
35068	#472777
35069	#472777
35070	#472777
35071	#472777
35072	#472777
35073	#472777
35074	#472777
35075	#472777
35076	#472676
35077	#482474
35078	#482273
35079	#482172
35080	#482172
35081	#482374
35082	#462B7A
35083	#443982
35084	#3D4B89
35085	#355C8C
35086	#2E6B8E
35087	#2A778E
35088	#277C8E
35089	#287A8E
35090	#2C718E
35091	#32628D
35092	#3A528A
35093	#414186
35094	#46317E
35095	#472777
35096	#482172
35097	#44186D
35098	#63447C
35099	#FCFEFB
35100	#FFFFFF
35101	#FFFFFF
35102	#FFFFFF
35103	#5B5B5B
35104	#000000
35105	#000000
35106	#000000
35107	#000000
35108	#000000
35109	#000000
35110	#000000
35111	#000000
35112	#000000
35113	#000000
35114	#000000
35115	#000000
35116	#000000
35117	#000000
35118	#000000
35119	#000000
35120	#000000
35121	#000000
35122	#000000
35123	#000000
35124	#000000
35125	#000000
35126	#000000
35127	#000000
35128	#000000
35129	#000000
35130	#000000
35131	#000000
35132	#000000
35133	#000000
35134	#000000
35135	#000000
35136	#000000
35137	#000000
35138	#000000
35139	#000000
35140	#000000
35141	#000000
35142	#000000
35143	#000000
35144	#000000
35145	#000000
35146	#000000
35147	#000000
35148	#000000
35149	#000000
35150	#000000
35151	#000000
35152	#000000
35153	#000000
35154	#000000
35155	#000000
35156	#000000
35157	#000000
35158	#000000
35159	#000000
35160	#000000
35161	#000000
35162	#000000
35163	#000000
35164	#000000
35165	#000000
35166	#000000
35167	#000000
35168	#000000
35169	#000000
35170	#000000
35171	#000000
35172	#000000
35173	#000000
35174	#000000
35175	#000027
35176	#0000C6
35177	#0000C4
35178	#0000C5
35179	#0000B9
35180	#000114
35181	#001B00
35182	#004600
35183	#007C00
35184	#01A84B
35185	#172DB3
35186	#2E0096
35187	#300093
35188	#1B1CAF
35189	#02A37F
35190	#008300
35191	#004F00
35192	#002300
35193	#000400
35194	#000091
35195	#0000C4
35196	#0000AF
35197	#A7A7CD
35198	#FFFFFF
35199	#FFFFFF
35200	#FFFFFF
35201	#FFFFFF
35202	#FFFFFF
35203	#FFFFFF
35204	#EAEAEB
35205	#4D3275
35206	#462577
35207	#472777
35208	#472777
35209	#472777
35210	#472777
35211	#472777
35212	#472777
35213	#472777
35214	#472777
35215	#472777
35216	#472777
35217	#472777
35218	#472777
35219	#472777
35220	#472777
35221	#472777
35222	#472777
35223	#472777
35224	#472777
35225	#472777
35226	#472777
35227	#472777
35228	#472777
35229	#472777
35230	#472777
35231	#472777
35232	#472777
35233	#472777
35234	#472777
35235	#472777
35236	#472777
35237	#472777
35238	#472777
35239	#472777
35240	#472777
35241	#472777
35242	#472777
35243	#472777
35244	#472777
35245	#472777
35246	#472777
35247	#472777
35248	#472777
35249	#472777
35250	#472777
35251	#472777
35252	#472777
35253	#472777
35254	#472777
35255	#472777
35256	#472777
35257	#472777
35258	#472777
35259	#472777
35260	#472777
35261	#472777
35262	#472777
35263	#472777
35264	#472777
35265	#472777
35266	#472777
35267	#472777
35268	#472777
35269	#472777
35270	#472777
35271	#472777
35272	#472777
35273	#472777
35274	#472777
35275	#472777
35276	#472676
35277	#482474
35278	#482172
35279	#482071
35280	#482172
35281	#482374
35282	#462B7A
35283	#433A83
35284	#3C4C89
35285	#345E8D
35286	#2D6E8E
35287	#287A8E
35288	#26808E
35289	#277E8E
35290	#2B748E
35291	#31648D
35292	#39538B
35293	#414286
35294	#45327E
35295	#472777
35296	#482172
35297	#44176C
35298	#63447C
35299	#FCFEFB
35300	#FFFFFF
35301	#FFFFFF
35302	#FFFFFF
35303	#5B5B5B
35304	#000000
35305	#000000
35306	#000000
35307	#000000
35308	#000000
35309	#000000
35310	#000000
35311	#000000
35312	#000000
35313	#000000
35314	#000000
35315	#000000
35316	#000000
35317	#000000
35318	#000000
35319	#000000
35320	#000000
35321	#000000
35322	#000000
35323	#000000
35324	#000000
35325	#000000
35326	#000000
35327	#000000
35328	#000000
35329	#000000
35330	#000000
35331	#000000
35332	#000000
35333	#000000
35334	#000000
35335	#000000
35336	#000000
35337	#000000
35338	#000000
35339	#000000
35340	#000000
35341	#000000
35342	#000000
35343	#000000
35344	#000000
35345	#000000
35346	#000000
35347	#000000
35348	#000000
35349	#000000
35350	#000000
35351	#000000
35352	#000000
35353	#000000
35354	#000000
35355	#000000
35356	#000000
35357	#000000
35358	#000000
35359	#000000
35360	#000000
35361	#000000
35362	#000000
35363	#000000
35364	#000000
35365	#000000
35366	#000000
35367	#000000
35368	#000000
35369	#000000
35370	#000000
35371	#000000
35372	#000000
35373	#000000
35374	#000000
35375	#000034
35376	#0000C6
35377	#0000C3
35378	#0000C4
35379	#0000B9
35380	#000114
35381	#001B00
35382	#004A00
35383	#008400
35384	#049E89
35385	#2011A9
35386	#38008C
35387	#3B0089
35388	#2500A5
35389	#068881
35390	#008D03
35391	#005200
35392	#002500
35393	#000500
35394	#000091
35395	#0000C2
35396	#0000AD
35397	#A7A7CD
35398	#FFFFFF
35399	#FFFFFF
35400	#FFFFFF
35401	#FFFFFF
35402	#FFFFFF
35403	#FFFFFF
35404	#EAEAEB
35405	#4D3275
35406	#462577
35407	#472777
35408	#472777
35409	#472777
35410	#472777
35411	#472777
35412	#472777
35413	#472777
35414	#472777
35415	#472777
35416	#472777
35417	#472777
35418	#472777
35419	#472777
35420	#472777
35421	#472777
35422	#472777
35423	#472777
35424	#472777
35425	#472777
35426	#472777
35427	#472777
35428	#472777
35429	#472777
35430	#472777
35431	#472777
35432	#472777
35433	#472777
35434	#472777
35435	#472777
35436	#472777
35437	#472777
35438	#472777
35439	#472777
35440	#472777
35441	#472777
35442	#472777
35443	#472777
35444	#472777
35445	#472777
35446	#472777
35447	#472777
35448	#472777
35449	#472777
35450	#472777
35451	#472777
35452	#472777
35453	#472777
35454	#472777
35455	#472777
35456	#472777
35457	#472777
35458	#472777
35459	#472777
35460	#472777
35461	#472777
35462	#472777
35463	#472777
35464	#472777
35465	#472777
35466	#472777
35467	#472777
35468	#472777
35469	#472777
35470	#472777
35471	#472777
35472	#472777
35473	#472777
35474	#472777
35475	#472777
35476	#472676
35477	#482273
35478	#482172
35479	#482071
35480	#482172
35481	#482374
35482	#462D7B
35483	#433B83
35484	#3C4E8A
35485	#33618D
35486	#2C718E
35487	#277E8E
35488	#24848D
35489	#25828E
35490	#2A778E
35491	#30678D
35492	#38558B
35493	#404387
35494	#45337F
35495	#472777
35496	#482071
35497	#44176C
35498	#63437B
35499	#FCFEFB
35500	#FFFFFF
35501	#FFFFFF
35502	#FFFFFF
35503	#5B5B5B
35504	#000000
35505	#000000
35506	#000000
35507	#000000
35508	#000000
35509	#000000
35510	#000000
35511	#000000
35512	#000000
35513	#000000
35514	#000000
35515	#000000
35516	#000000
35517	#000000
35518	#000000
35519	#000000
35520	#000000
35521	#000000
35522	#000000
35523	#000000
35524	#000000
35525	#000000
35526	#000000
35527	#000000
35528	#000000
35529	#000000
35530	#000000
35531	#000000
35532	#000000
35533	#000000
35534	#000000
35535	#000000
35536	#000000
35537	#000000
35538	#000000
35539	#000000
35540	#000000
35541	#000000
35542	#000000
35543	#000000
35544	#000000
35545	#000000
35546	#000000
35547	#000000
35548	#000000
35549	#000000
35550	#000000
35551	#000000
35552	#000000
35553	#000000
35554	#000000
35555	#000000
35556	#000000
35557	#000000
35558	#000000
35559	#000000
35560	#000000
35561	#000000
35562	#000000
35563	#000000
35564	#000000
35565	#000000
35566	#000000
35567	#000000
35568	#000000
35569	#000000
35570	#000000
35571	#000000
35572	#000000
35573	#000000
35574	#000000
35575	#000074
35576	#0000CD
35577	#0000C2
35578	#0000C4
35579	#0000B7
35580	#000314
35581	#001E00
35582	#004F00
35583	#008F00
35584	#08728E
35585	#2A019F
35586	#420081
35587	#45007E
35588	#2F0097
35589	#0B75AD
35590	#00951A
35591	#005700
35592	#002700
35593	#000600
35594	#00008F
35595	#0000C2
35596	#0000AC
35597	#A7A7CC
35598	#FFFFFF
35599	#FFFFFF
35600	#FFFFFF
35601	#FFFFFF
35602	#FFFFFF
35603	#FFFFFF
35604	#EAEAEB
35605	#4D3275
35606	#462577
35607	#472777
35608	#472777
35609	#472777
35610	#472777
35611	#472777
35612	#472777
35613	#472777
35614	#472777
35615	#472777
35616	#472777
35617	#472777
35618	#472777
35619	#472777
35620	#472777
35621	#472777
35622	#472777
35623	#472777
35624	#472777
35625	#472777
35626	#472777
35627	#472777
35628	#472777
35629	#472777
35630	#472777
35631	#472777
35632	#472777
35633	#472777
35634	#472777
35635	#472777
35636	#472777
35637	#472777
35638	#472777
35639	#472777
35640	#472777
35641	#472777
35642	#472777
35643	#472777
35644	#472777
35645	#472777
35646	#472777
35647	#472777
35648	#472777
35649	#472777
35650	#472777
35651	#472777
35652	#472777
35653	#472777
35654	#472777
35655	#472777
35656	#472777
35657	#472777
35658	#472777
35659	#472777
35660	#472777
35661	#472777
35662	#472777
35663	#472777
35664	#472777
35665	#472777
35666	#472777
35667	#472777
35668	#472777
35669	#472777
35670	#472777
35671	#472777
35672	#472777
35673	#472777
35674	#472777
35675	#472777
35676	#472676
35677	#482273
35678	#482071
35679	#481F70
35680	#481F71
35681	#482374
35682	#472D7B
35683	#433C84
35684	#3B508A
35685	#32638D
35686	#2A758E
35687	#25818E
35688	#23888D
35689	#24868D
35690	#287B8E
35691	#2F6A8E
35692	#37578C
35693	#404487
35694	#45337F
35695	#472777
35696	#482071
35697	#44166B
35698	#63437B
35699	#FCFEFB
35700	#FFFFFF
35701	#FFFFFF
35702	#FFFFFF
35703	#5B5B5B
35704	#000000
35705	#000000
35706	#000000
35707	#000000
35708	#000000
35709	#000000
35710	#000000
35711	#000000
35712	#000000
35713	#000000
35714	#000000
35715	#000000
35716	#000000
35717	#000000
35718	#000000
35719	#000000
35720	#000000
35721	#000000
35722	#000000
35723	#000000
35724	#000000
35725	#000000
35726	#000000
35727	#000000
35728	#000000
35729	#000000
35730	#000000
35731	#000000
35732	#000000
35733	#000000
35734	#000000
35735	#000000
35736	#000000
35737	#000000
35738	#000000
35739	#000000
35740	#000000
35741	#000000
35742	#000000
35743	#000000
35744	#000000
35745	#000000
35746	#000000
35747	#000000
35748	#000000
35749	#000000
35750	#000000
35751	#000000
35752	#000000
35753	#000000
35754	#000000
35755	#000000
35756	#000000
35757	#000000
35758	#000000
35759	#000000
35760	#000000
35761	#000000
35762	#000000
35763	#000000
35764	#000000
35765	#000000
35766	#000000
35767	#000000
35768	#000000
35769	#000000
35770	#000000
35771	#000000
35772	#000000
35773	#000000
35774	#000000
35775	#000078
35776	#0000CC
35777	#0000BF
35778	#0000C1
35779	#0000B5
35780	#000214
35781	#002000
35782	#005300
35783	#009717
35784	#0E779F
35785	#330093
35786	#4D0076
35787	#500073
35788	#39008C
35789	#1140A9
35790	#009C1A
35791	#005C00
35792	#002900
35793	#000700
35794	#00008E
35795	#0000C0
35796	#0000AA
35797	#A7A7CC
35798	#FFFFFF
35799	#FFFFFF
35800	#FFFFFF
35801	#FFFFFF
35802	#FFFFFF
35803	#FFFFFF
35804	#EAEAEB
35805	#4D3275
35806	#462577
35807	#472777
35808	#472777
35809	#472777
35810	#472777
35811	#472777
35812	#472777
35813	#472777
35814	#472777
35815	#472777
35816	#472777
35817	#472777
35818	#472777
35819	#472777
35820	#472777
35821	#472777
35822	#472777
35823	#472777
35824	#472777
35825	#472777
35826	#472777
35827	#472777
35828	#472777
35829	#472777
35830	#472777
35831	#472777
35832	#472777
35833	#472777
35834	#472777
35835	#472777
35836	#472777
35837	#472777
35838	#472777
35839	#472777
35840	#472777
35841	#472777
35842	#472777
35843	#472777
35844	#472777
35845	#472777
35846	#472777
35847	#472777
35848	#472777
35849	#472777
35850	#472777
35851	#472777
35852	#472777
35853	#472777
35854	#472777
35855	#472777
35856	#472777
35857	#472777
35858	#472777
35859	#472777
35860	#472777
35861	#472777
35862	#472777
35863	#472777
35864	#472777
35865	#472777
35866	#472777
35867	#472777
35868	#472777
35869	#472777
35870	#472777
35871	#472777
35872	#472777
35873	#472777
35874	#472777
35875	#472777
35876	#472676
35877	#482273
35878	#482071
35879	#481E70
35880	#481F71
35881	#482374
35882	#472D7B
35883	#423D84
35884	#3A528B
35885	#31668D
35886	#29788E
35887	#24858D
35888	#218C8D
35889	#228A8D
35890	#277E8E
35891	#2E6D8E
35892	#37598C
35893	#3F4587
35894	#45347F
35895	#472777
35896	#482071
35897	#44156A
35898	#62437A
35899	#FCFEFB
35900	#FFFFFF
35901	#FFFFFF
35902	#FFFFFF
35903	#5B5B5B
35904	#000000
35905	#000000
35906	#000000
35907	#000000
35908	#000000
35909	#000000
35910	#000000
35911	#000000
35912	#000000
35913	#000000
35914	#000000
35915	#000000
35916	#000000
35917	#000000
35918	#000000
35919	#000000
35920	#000000
35921	#000000
35922	#000000
35923	#000000
35924	#000000
35925	#000000
35926	#000000
35927	#000000
35928	#000000
35929	#000000
35930	#000000
35931	#000000
35932	#000000
35933	#000000
35934	#000000
35935	#000000
35936	#000000
35937	#000000
35938	#000000
35939	#000000
35940	#000000
35941	#000000
35942	#000000
35943	#000000
35944	#000000
35945	#000000
35946	#000000
35947	#000000
35948	#000000
35949	#000000
35950	#000000
35951	#000000
35952	#000000
35953	#000000
35954	#000000
35955	#000000
35956	#000000
35957	#000000
35958	#000000
35959	#000000
35960	#000000
35961	#000000
35962	#000000
35963	#000000
35964	#000000
35965	#000000
35966	#000000
35967	#000000
35968	#000000
35969	#000000
35970	#000000
35971	#000000
35972	#000000
35973	#000000
35974	#000000
35975	#000077
35976	#0000CC
35977	#0000BE
35978	#0000C0
35979	#0000B5
35980	#000214
35981	#002200
35982	#005800
35983	#009931
35984	#1445B3
35985	#3D0087
35986	#58006C
35987	#5B0068
35988	#430083
35989	#1847A1
35990	#00A516
35991	#005F00
35992	#002C00
35993	#000800
35994	#00008E
35995	#0000BE
35996	#0000A7
35997	#A7A7CC
35998	#FFFFFF
35999	#FFFFFF
36000	#FFFFFF
36001	#FFFFFF
36002	#FFFFFF
36003	#FFFFFF
36004	#EAEAEB
36005	#4D3275
36006	#462577
36007	#472777
36008	#472777
36009	#472777
36010	#472777
36011	#472777
36012	#472777
36013	#472777
36014	#472777
36015	#472777
36016	#472777
36017	#472777
36018	#472777
36019	#472777
36020	#472777
36021	#472777
36022	#472777
36023	#472777
36024	#472777
36025	#472777
36026	#472777
36027	#472777
36028	#472777
36029	#472777
36030	#472777
36031	#472777
36032	#472777
36033	#472777
36034	#472777
36035	#472777
36036	#472777
36037	#472777
36038	#472777
36039	#472777
36040	#472777
36041	#472777
36042	#472777
36043	#472777
36044	#472777
36045	#472777
36046	#472777
36047	#472777
36048	#472777
36049	#472777
36050	#472777
36051	#472777
36052	#472777
36053	#472777
36054	#472777
36055	#472777
36056	#472777
36057	#472777
36058	#472777
36059	#472777
36060	#472777
36061	#472777
36062	#472777
36063	#472777
36064	#472777
36065	#472777
36066	#472777
36067	#472777
36068	#472777
36069	#472777
36070	#472777
36071	#472777
36072	#472777
36073	#472777
36074	#472777
36075	#472777
36076	#472676
36077	#482273
36078	#482071
36079	#481E70
36080	#481F71
36081	#482374
36082	#472D7B
36083	#423D84
36084	#3A538B
36085	#30688D
36086	#287A8E
36087	#23888D
36088	#208F8C
36089	#218D8C
36090	#26818E
36091	#2D6F8E
36092	#365B8C
36093	#3F4688
36094	#45347F
36095	#472777
36096	#482071
36097	#44156A
36098	#62437A
36099	#FCFEFB
36100	#FFFFFF
36101	#FFFFFF
36102	#FFFFFF
36103	#5B5B5B
36104	#000000
36105	#000000
36106	#000000
36107	#000000
36108	#000000
36109	#000000
36110	#000000
36111	#000000
36112	#000000
36113	#000000
36114	#000000
36115	#000000
36116	#000000
36117	#000000
36118	#000000
36119	#000000
36120	#000000
36121	#000000
36122	#000000
36123	#000000
36124	#000000
36125	#000000
36126	#000000
36127	#000000
36128	#000000
36129	#000000
36130	#000000
36131	#000000
36132	#000000
36133	#000000
36134	#000000
36135	#000000
36136	#000000
36137	#000000
36138	#000000
36139	#000000
36140	#000000
36141	#000000
36142	#000000
36143	#000000
36144	#000000
36145	#000000
36146	#000000
36147	#000000
36148	#000000
36149	#000000
36150	#000000
36151	#000000
36152	#000000
36153	#000000
36154	#000000
36155	#000000
36156	#000000
36157	#000000
36158	#000000
36159	#000000
36160	#000000
36161	#000000
36162	#000000
36163	#000000
36164	#000000
36165	#000000
36166	#000000
36167	#000000
36168	#000000
36169	#000000
36170	#000000
36171	#000000
36172	#000000
36173	#000000
36174	#000000
36175	#000077
36176	#0000CC
36177	#0000BE
36178	#0000C0
36179	#0000B5
36180	#000214
36181	#002200
36182	#005C00
36183	#009B2E
36184	#1A2AAB
36185	#46007E
36186	#620062
36187	#65005F
36188	#4C0079
36189	#1F2AA3
36190	#00993C
36191	#006500
36192	#002D00
36193	#000700
36194	#00008E
36195	#0000BE
36196	#0000A7
36197	#A7A7CC
36198	#FFFFFF
36199	#FFFFFF
36200	#FFFFFF
36201	#FFFFFF
36202	#FFFFFF
36203	#FFFFFF
36204	#EAEAEB
36205	#4D3275
36206	#462577
36207	#472777
36208	#472777
36209	#472777
36210	#472777
36211	#472777
36212	#472777
36213	#472777
36214	#472777
36215	#472777
36216	#472777
36217	#472777
36218	#472777
36219	#472777
36220	#472777
36221	#472777
36222	#472777
36223	#472777
36224	#472777
36225	#472777
36226	#472777
36227	#472777
36228	#472777
36229	#472777
36230	#472777
36231	#472777
36232	#472777
36233	#472777
36234	#472777
36235	#472777
36236	#472777
36237	#472777
36238	#472777
36239	#472777
36240	#472777
36241	#472777
36242	#472777
36243	#472777
36244	#472777
36245	#472777
36246	#472777
36247	#472777
36248	#472777
36249	#472777
36250	#472777
36251	#472777
36252	#472777
36253	#472777
36254	#472777
36255	#472777
36256	#472777
36257	#472777
36258	#472777
36259	#472777
36260	#472777
36261	#472777
36262	#472777
36263	#472777
36264	#472777
36265	#472777
36266	#472777
36267	#472777
36268	#472777
36269	#472777
36270	#472777
36271	#472777
36272	#472777
36273	#472777
36274	#472777
36275	#472777
36276	#472676
36277	#482273
36278	#482071
36279	#481E70
36280	#481F71
36281	#482374
36282	#472D7B
36283	#423E85
36284	#39548B
36285	#2F698E
36286	#277C8E
36287	#228A8D
36288	#1F928B
36289	#208F8C
36290	#25828E
36291	#2C718E
36292	#365C8C
36293	#3F4788
36294	#453580
36295	#472777
36296	#482071
36297	#44156A
36298	#62427A
36299	#FCFEFB
36300	#FFFFFF
36301	#FFFFFF
36302	#FFFFFF
36303	#5B5B5B
36304	#000000
36305	#000000
36306	#000000
36307	#000000
36308	#000000
36309	#000000
36310	#000000
36311	#000000
36312	#000000
36313	#000000
36314	#000000
36315	#000000
36316	#000000
36317	#000000
36318	#000000
36319	#000000
36320	#000000
36321	#000000
36322	#000000
36323	#000000
36324	#000000
36325	#000000
36326	#000000
36327	#000000
36328	#000000
36329	#000000
36330	#000000
36331	#000000
36332	#000000
36333	#000000
36334	#000000
36335	#000000
36336	#000000
36337	#000000
36338	#000000
36339	#000000
36340	#000000
36341	#000000
36342	#000000
36343	#000000
36344	#000000
36345	#000000
36346	#000000
36347	#000000
36348	#000000
36349	#000000
36350	#000000
36351	#000000
36352	#000000
36353	#000000
36354	#000000
36355	#000000
36356	#000000
36357	#000000
36358	#000000
36359	#000000
36360	#000000
36361	#000000
36362	#000000
36363	#000000
36364	#000000
36365	#000000
36366	#000000
36367	#000000
36368	#000000
36369	#000000
36370	#000000
36371	#000000
36372	#000000
36373	#000000
36374	#000000
36375	#000077
36376	#0000CC
36377	#0000BE
36378	#0000C0
36379	#0000B5
36380	#000214
36381	#002300
36382	#005E00
36383	#00A02D
36384	#1E2DA5
36385	#4B0079
36386	#67005C
36387	#6B0059
36388	#510072
36389	#2408A8
36390	#018B63
36391	#006900
36392	#002E00
36393	#000700
36394	#00008E
36395	#0000BE
36396	#0000A6
36397	#A7A7CB
36398	#FFFFFF
36399	#FFFFFF
36400	#FFFFFF
36401	#FFFFFF
36402	#FFFFFF
36403	#FFFFFF
36404	#EAEAEB
36405	#4D3275
36406	#462577
36407	#472777
36408	#472777
36409	#472777
36410	#472777
36411	#472777
36412	#472777
36413	#472777
36414	#472777
36415	#472777
36416	#472777
36417	#472777
36418	#472777
36419	#472777
36420	#472777
36421	#472777
36422	#472777
36423	#472777
36424	#472777
36425	#472777
36426	#472777
36427	#472777
36428	#472777
36429	#472777
36430	#472777
36431	#472777
36432	#472777
36433	#472777
36434	#472777
36435	#472777
36436	#472777
36437	#472777
36438	#472777
36439	#472777
36440	#472777
36441	#472777
36442	#472777
36443	#472777
36444	#472777
36445	#472777
36446	#472777
36447	#472777
36448	#472777
36449	#472777
36450	#472777
36451	#472777
36452	#472777
36453	#472777
36454	#472777
36455	#472777
36456	#472777
36457	#472777
36458	#472777
36459	#472777
36460	#472777
36461	#472777
36462	#472777
36463	#472777
36464	#472777
36465	#472777
36466	#472777
36467	#472777
36468	#472777
36469	#472777
36470	#472777
36471	#472777
36472	#472777
36473	#472777
36474	#472777
36475	#472777
36476	#472676
36477	#482273
36478	#482071
36479	#481D6F
36480	#481E70
36481	#482374
36482	#462D7B
36483	#423E85
36484	#39558B
36485	#2F6A8E
36486	#277D8E
36487	#218C8D
36488	#1F938B
36489	#20908C
36490	#24848E
36491	#2B728E
36492	#355D8C
36493	#3E4888
36494	#453580
36495	#472777
36496	#481F71
36497	#441469
36498	#624179
36499	#FCFEFC
36500	#FFFFFF
36501	#FFFFFF
36502	#FFFFFF
36503	#5B5B5B
36504	#000000
36505	#000000
36506	#000000
36507	#000000
36508	#000000
36509	#000000
36510	#000000
36511	#000000
36512	#000000
36513	#000000
36514	#000000
36515	#000000
36516	#000000
36517	#000000
36518	#000000
36519	#000000
36520	#000000
36521	#000000
36522	#000000
36523	#000000
36524	#000000
36525	#000000
36526	#000000
36527	#000000
36528	#000000
36529	#000000
36530	#000000
36531	#000000
36532	#000000
36533	#000000
36534	#000000
36535	#000000
36536	#000000
36537	#000000
36538	#000000
36539	#000000
36540	#000000
36541	#000000
36542	#000000
36543	#000000
36544	#000000
36545	#000000
36546	#000000
36547	#000000
36548	#000000
36549	#000000
36550	#000000
36551	#000000
36552	#000000
36553	#000000
36554	#000000
36555	#000000
36556	#000000
36557	#000000
36558	#000000
36559	#000000
36560	#000000
36561	#000000
36562	#000000
36563	#000000
36564	#000000
36565	#000000
36566	#000000
36567	#000000
36568	#000000
36569	#000000
36570	#000000
36571	#000000
36572	#000000
36573	#000000
36574	#000000
36575	#000077
36576	#0000CC
36577	#0000BD
36578	#0000BE
36579	#0000B5
36580	#000314
36581	#002500
36582	#005F00
36583	#01A32D
36584	#212FA3
36585	#4F0075
36586	#6B0059
36587	#6F0055
36588	#55006F
36589	#270BA4
36590	#018F5F
36591	#006C00
36592	#003000
36593	#000800
36594	#00008E
36595	#0000BD
36596	#0000A4
36597	#A7A7CB
36598	#FFFFFF
36599	#FFFFFF
36600	#FFFFFF
36601	#FFFFFF
36602	#FFFFFF
36603	#FFFFFF
36604	#EAEAEB
36605	#4D3275
36606	#462577
36607	#472777
36608	#472777
36609	#472777
36610	#472777
36611	#472777
36612	#472777
36613	#472777
36614	#472777
36615	#472777
36616	#472777
36617	#472777
36618	#472777
36619	#472777
36620	#472777
36621	#472777
36622	#472777
36623	#472777
36624	#472777
36625	#472777
36626	#472777
36627	#472777
36628	#472777
36629	#472777
36630	#472777
36631	#472777
36632	#472777
36633	#472777
36634	#472777
36635	#472777
36636	#472777
36637	#472777
36638	#472777
36639	#472777
36640	#472777
36641	#472777
36642	#472777
36643	#472777
36644	#472777
36645	#472777
36646	#472777
36647	#472777
36648	#472777
36649	#472777
36650	#472777
36651	#472777
36652	#472777
36653	#472777
36654	#472777
36655	#472777
36656	#472777
36657	#472777
36658	#472777
36659	#472777
36660	#472777
36661	#472777
36662	#472777
36663	#472777
36664	#472777
36665	#472777
36666	#472777
36667	#472777
36668	#472777
36669	#472777
36670	#472777
36671	#472777
36672	#472777
36673	#472777
36674	#472777
36675	#472777
36676	#472676
36677	#482373
36678	#481F71
36679	#481D6F
36680	#481E70
36681	#482373
36682	#472D7B
36683	#423F85
36684	#38568B
36685	#2E6B8E
36686	#267F8E
36687	#218D8C
36688	#1F958B
36689	#1F928B
36690	#24858D
36691	#2B738E
36692	#355D8C
36693	#3E4989
36694	#453580
36695	#472777
36696	#481F70
36697	#441469
36698	#624279
36699	#FCFEFC
36700	#FFFFFF
36701	#FFFFFF
36702	#FFFFFF
36703	#5B5B5B
36704	#000000
36705	#000000
36706	#000000
36707	#000000
36708	#000000
36709	#000000
36710	#000000
36711	#000000
36712	#000000
36713	#000000
36714	#000000
36715	#000000
36716	#000000
36717	#000000
36718	#000000
36719	#000000
36720	#000000
36721	#000000
36722	#000000
36723	#000000
36724	#000000
36725	#000000
36726	#000000
36727	#000000
36728	#000000
36729	#000000
36730	#000000
36731	#000000
36732	#000000
36733	#000000
36734	#000000
36735	#000000
36736	#000000
36737	#000000
36738	#000000
36739	#000000
36740	#000000
36741	#000000
36742	#000000
36743	#000000
36744	#000000
36745	#000000
36746	#000000
36747	#000000
36748	#000000
36749	#000000
36750	#000000
36751	#000000
36752	#000000
36753	#000000
36754	#000000
36755	#000000
36756	#000000
36757	#000000
36758	#000000
36759	#000000
36760	#000000
36761	#000000
36762	#000000
36763	#000000
36764	#000000
36765	#000000
36766	#000000
36767	#000000
36768	#000000
36769	#000000
36770	#000000
36771	#000000
36772	#000000
36773	#000000
36774	#000000
36775	#000077
36776	#0000CB
36777	#0000BB
36778	#0000BC
36779	#0000B3
36780	#000314
36781	#002600
36782	#006200
36783	#02A529
36784	#252E9F
36785	#530071
36786	#6F0054
36787	#730051
36788	#59006A
36789	#2A0BA1
36790	#02915E
36791	#006E00
36792	#003000
36793	#000800
36794	#00008D
36795	#0000BB
36796	#0000A4
36797	#A7A7CB
36798	#FFFFFF
36799	#FFFFFF
36800	#FFFFFF
36801	#FFFFFF
36802	#FFFFFF
36803	#FFFFFF
36804	#EAEAEB
36805	#4D3275
36806	#462577
36807	#472777
36808	#472777
36809	#472777
36810	#472777
36811	#472777
36812	#472777
36813	#472777
36814	#472777
36815	#472777
36816	#472777
36817	#472777
36818	#472777
36819	#472777
36820	#472777
36821	#472777
36822	#472777
36823	#472777
36824	#472777
36825	#472777
36826	#472777
36827	#472777
36828	#472777
36829	#472777
36830	#472777
36831	#472777
36832	#472777
36833	#472777
36834	#472777
36835	#472777
36836	#472777
36837	#472777
36838	#472777
36839	#472777
36840	#472777
36841	#472777
36842	#472777
36843	#472777
36844	#472777
36845	#472777
36846	#472777
36847	#472777
36848	#472777
36849	#472777
36850	#472777
36851	#472777
36852	#472777
36853	#472777
36854	#472777
36855	#472777
36856	#472777
36857	#472777
36858	#472777
36859	#472777
36860	#472777
36861	#472777
36862	#472777
36863	#472777
36864	#472777
36865	#472777
36866	#472777
36867	#472777
36868	#472777
36869	#472777
36870	#472777
36871	#472777
36872	#472777
36873	#472777
36874	#472777
36875	#472777
36876	#472676
36877	#482373
36878	#481F71
36879	#481D6F
36880	#481E70
36881	#482273
36882	#472D7B
36883	#424085
36884	#38568B
36885	#2E6D8E
36886	#26818E
36887	#20908C
36888	#1E988A
36889	#1F948B
36890	#23878D
36891	#2A758E
36892	#345F8C
36893	#3E4A89
36894	#453580
36895	#472777
36896	#481E70
36897	#441469
36898	#624279
36899	#FCFEFC
36900	#FFFFFF
36901	#FFFFFF
36902	#FFFFFF
36903	#5B5B5B
36904	#000000
36905	#000000
36906	#000000
36907	#000000
36908	#000000
36909	#000000
36910	#000000
36911	#000000
36912	#000000
36913	#000000
36914	#000000
36915	#000000
36916	#000000
36917	#000000
36918	#000000
36919	#000000
36920	#000000
36921	#000000
36922	#000000
36923	#000000
36924	#000000
36925	#000000
36926	#000000
36927	#000000
36928	#000000
36929	#000000
36930	#000000
36931	#000000
36932	#000000
36933	#000000
36934	#000000
36935	#000000
36936	#000000
36937	#000000
36938	#000000
36939	#000000
36940	#000000
36941	#000000
36942	#000000
36943	#000000
36944	#000000
36945	#000000
36946	#000000
36947	#000000
36948	#000000
36949	#000000
36950	#000000
36951	#000000
36952	#000000
36953	#000000
36954	#000000
36955	#000000
36956	#000000
36957	#000000
36958	#000000
36959	#000000
36960	#000000
36961	#000000
36962	#000000
36963	#000000
36964	#000000
36965	#000000
36966	#000000
36967	#000000
36968	#000000
36969	#000000
36970	#000000
36971	#000000
36972	#000000
36973	#000000
36974	#000000
36975	#000077
36976	#0000CB
36977	#0000BB
36978	#0000BC
36979	#0000B3
36980	#000314
36981	#002700
36982	#006900
36983	#038350
36984	#2B099D
36985	#59006B
36986	#77004D
36987	#7A0049
36988	#600064
36989	#300C9B
36990	#05985B
36991	#007100
36992	#003200
36993	#000800
36994	#00008D
36995	#0000BB
36996	#0000A3
36997	#A7A7CB
36998	#FFFFFF
36999	#FFFFFF
37000	#FFFFFF
37001	#FFFFFF
37002	#FFFFFF
37003	#FFFFFF
37004	#EAEAEB
37005	#4D3275
37006	#462577
37007	#472777
37008	#472777
37009	#472777
37010	#472777
37011	#472777
37012	#472777
37013	#472777
37014	#472777
37015	#472777
37016	#472777
37017	#472777
37018	#472777
37019	#472777
37020	#472777
37021	#472777
37022	#472777
37023	#472777
37024	#472777
37025	#472777
37026	#472777
37027	#472777
37028	#472777
37029	#472777
37030	#472777
37031	#472777
37032	#472777
37033	#472777
37034	#472777
37035	#472777
37036	#472777
37037	#472777
37038	#472777
37039	#472777
37040	#472777
37041	#472777
37042	#472777
37043	#472777
37044	#472777
37045	#472777
37046	#472777
37047	#472777
37048	#472777
37049	#472777
37050	#472777
37051	#472777
37052	#472777
37053	#472777
37054	#472777
37055	#472777
37056	#472777
37057	#472777
37058	#472777
37059	#472777
37060	#472777
37061	#472777
37062	#472777
37063	#472777
37064	#472777
37065	#472777
37066	#472777
37067	#472777
37068	#472777
37069	#472777
37070	#472777
37071	#472777
37072	#472777
37073	#472777
37074	#472777
37075	#472777
37076	#472676
37077	#482273
37078	#481E70
37079	#481D6F
37080	#481D6F
37081	#482172
37082	#472D7B
37083	#414186
37084	#37588C
37085	#2C708E
37086	#24858D
37087	#1F948B
37088	#1E9C88
37089	#1E998A
37090	#228C8D
37091	#29788E
37092	#33618D
37093	#3D4B89
37094	#453681
37095	#472777
37096	#481E70
37097	#441368
37098	#624178
37099	#FDFEFC
37100	#FFFFFF
37101	#FFFFFF
37102	#FFFFFF
37103	#5B5B5B
37104	#000000
37105	#000000
37106	#000000
37107	#000000
37108	#000000
37109	#000000
37110	#000000
37111	#000000
37112	#000000
37113	#000000
37114	#000000
37115	#000000
37116	#000000
37117	#000000
37118	#000000
37119	#000000
37120	#000000
37121	#000000
37122	#000000
37123	#000000
37124	#000000
37125	#000000
37126	#000000
37127	#000000
37128	#000000
37129	#000000
37130	#000000
37131	#000000
37132	#000000
37133	#000000
37134	#000000
37135	#000000
37136	#000000
37137	#000000
37138	#000000
37139	#000000
37140	#000000
37141	#000000
37142	#000000
37143	#000000
37144	#000000
37145	#000000
37146	#000000
37147	#000000
37148	#000000
37149	#000000
37150	#000000
37151	#000000
37152	#000000
37153	#000000
37154	#000000
37155	#000000
37156	#000000
37157	#000000
37158	#000000
37159	#000000
37160	#000000
37161	#000000
37162	#000000
37163	#000000
37164	#000000
37165	#000000
37166	#000000
37167	#000000
37168	#000000
37169	#000000
37170	#000000
37171	#000000
37172	#000000
37173	#000000
37174	#000000
37175	#000076
37176	#0000C8
37177	#0000BA
37178	#0000BB
37179	#0000B1
37180	#000313
37181	#002900
37182	#006E00
37183	#04817A
37184	#330098
37185	#640060
37186	#830040
37187	#87003D
37188	#6B0059
37189	#390892
37190	#098859
37191	#007800
37192	#003500
37193	#000900
37194	#00008B
37195	#0000B9
37196	#0000A1
37197	#A7A7CA
37198	#FFFFFF
37199	#FFFFFF
37200	#FFFFFF
37201	#FFFFFF
37202	#FFFFFF
37203	#FFFFFF
37204	#EAEAEB
37205	#4D3275
37206	#462577
37207	#472777
37208	#472777
37209	#472777
37210	#472777
37211	#472777
37212	#472777
37213	#472777
37214	#472777
37215	#472777
37216	#472777
37217	#472777
37218	#472777
37219	#472777
37220	#472777
37221	#472777
37222	#472777
37223	#472777
37224	#472777
37225	#472777
37226	#472777
37227	#472777
37228	#472777
37229	#472777
37230	#472777
37231	#472777
37232	#472777
37233	#472777
37234	#472777
37235	#472777
37236	#472777
37237	#472777
37238	#472777
37239	#472777
37240	#472777
37241	#472777
37242	#472777
37243	#472777
37244	#472777
37245	#472777
37246	#472777
37247	#472777
37248	#472777
37249	#472777
37250	#472777
37251	#472777
37252	#472777
37253	#472777
37254	#472777
37255	#472777
37256	#472777
37257	#472777
37258	#472777
37259	#472777
37260	#472777
37261	#472777
37262	#472777
37263	#472777
37264	#472777
37265	#472777
37266	#472777
37267	#472777
37268	#472777
37269	#472777
37270	#472777
37271	#472777
37272	#472777
37273	#472777
37274	#472777
37275	#472777
37276	#472676
37277	#482273
37278	#481E70
37279	#481C6E
37280	#481C6E
37281	#482172
37282	#462E7C
37283	#404386
37284	#365C8C
37285	#2B748E
37286	#228A8D
37287	#1E9B89
37288	#20A386
37289	#1EA087
37290	#20928B
37291	#277D8E
37292	#31658D
37293	#3C4D8A
37294	#443781
37295	#472777
37296	#481D6F
37297	#431267
37298	#624077
37299	#FDFEFC
37300	#FFFFFF
37301	#FFFFFF
37302	#FFFFFF
37303	#5B5B5B
37304	#000000
37305	#000000
37306	#000000
37307	#000000
37308	#000000
37309	#000000
37310	#000000
37311	#000000
37312	#000000
37313	#000000
37314	#000000
37315	#000000
37316	#000000
37317	#000000
37318	#000000
37319	#000000
37320	#000000
37321	#000000
37322	#000000
37323	#000000
37324	#000000
37325	#000000
37326	#000000
37327	#000000
37328	#000000
37329	#000000
37330	#000000
37331	#000000
37332	#000000
37333	#000000
37334	#000000
37335	#000000
37336	#000000
37337	#000000
37338	#000000
37339	#000000
37340	#000000
37341	#000000
37342	#000000
37343	#000000
37344	#000000
37345	#000000
37346	#000000
37347	#000000
37348	#000000
37349	#000000
37350	#000000
37351	#000000
37352	#000000
37353	#000000
37354	#000000
37355	#000000
37356	#000000
37357	#000000
37358	#000000
37359	#000000
37360	#000000
37361	#000000
37362	#000000
37363	#000000
37364	#000000
37365	#000000
37366	#000000
37367	#000000
37368	#000000
37369	#000000
37370	#000000
37371	#000000
37372	#000000
37373	#000000
37374	#000000
37375	#000076
37376	#0000C8
37377	#0000B7
37378	#0000B8
37379	#0000B0
37380	#000314
37381	#002C00
37382	#007700
37383	#0A7F6F
37384	#420189
37385	#76004E
37386	#9C002C
37387	#9F0029
37388	#7E0046
37389	#49007F
37390	#0F5B8C
37391	#008506
37392	#003900
37393	#000900
37394	#00008A
37395	#0000B7
37396	#00009D
37397	#A7A7C9
37398	#FFFFFF
37399	#FFFFFF
37400	#FFFFFF
37401	#FFFFFF
37402	#FFFFFF
37403	#FFFFFF
37404	#EAEAEB
37405	#4D3275
37406	#462577
37407	#472777
37408	#472777
37409	#472777
37410	#472777
37411	#472777
37412	#472777
37413	#472777
37414	#472777
37415	#472777
37416	#472777
37417	#472777
37418	#472777
37419	#472777
37420	#472777
37421	#472777
37422	#472777
37423	#472777
37424	#472777
37425	#472777
37426	#472777
37427	#472777
37428	#472777
37429	#472777
37430	#472777
37431	#472777
37432	#472777
37433	#472777
37434	#472777
37435	#472777
37436	#472777
37437	#472777
37438	#472777
37439	#472777
37440	#472777
37441	#472777
37442	#472777
37443	#472777
37444	#472777
37445	#472777
37446	#472777
37447	#472777
37448	#472777
37449	#472777
37450	#472777
37451	#472777
37452	#472777
37453	#472777
37454	#472777
37455	#472777
37456	#472777
37457	#472777
37458	#472777
37459	#472777
37460	#472777
37461	#472777
37462	#472777
37463	#472777
37464	#472777
37465	#472777
37466	#472777
37467	#472777
37468	#472777
37469	#472777
37470	#472777
37471	#472777
37472	#472777
37473	#472777
37474	#472777
37475	#472777
37476	#472676
37477	#482172
37478	#481D6F
37479	#481A6C
37480	#481B6D
37481	#482172
37482	#462E7C
37483	#3F4687
37484	#33618D
37485	#287B8E
37486	#1F948B
37487	#22A784
37488	#2AB07E
37489	#26AC81
37490	#1F9D89
37491	#24858D
37492	#2F6B8E
37493	#3A518A
37494	#443982
37495	#472777
37496	#481C6E
37497	#431065
37498	#623E76
37499	#FDFEFC
37500	#FFFFFF
37501	#FFFFFF
37502	#FFFFFF
37503	#5B5B5B
37504	#000000
37505	#000000
37506	#000000
37507	#000000
37508	#000000
37509	#000000
37510	#000000
37511	#000000
37512	#000000
37513	#000000
37514	#000000
37515	#000000
37516	#000000
37517	#000000
37518	#000000
37519	#000000
37520	#000000
37521	#000000
37522	#000000
37523	#000000
37524	#000000
37525	#000000
37526	#000000
37527	#000000
37528	#000000
37529	#000000
37530	#000000
37531	#000000
37532	#000000
37533	#000000
37534	#000000
37535	#000000
37536	#000000
37537	#000000
37538	#000000
37539	#000000
37540	#000000
37541	#000000
37542	#000000
37543	#000000
37544	#000000
37545	#000000
37546	#000000
37547	#000000
37548	#000000
37549	#000000
37550	#000000
37551	#000000
37552	#000000
37553	#000000
37554	#000000
37555	#000000
37556	#000000
37557	#000000
37558	#000000
37559	#000000
37560	#000000
37561	#000000
37562	#000000
37563	#000000
37564	#000000
37565	#000000
37566	#000000
37567	#000000
37568	#000000
37569	#000000
37570	#000000
37571	#000000
37572	#000000
37573	#000000
37574	#000000
37575	#000077
37576	#0000C5
37577	#0000B4
37578	#0000B5
37579	#0000AE
37580	#000413
37581	#003100
37582	#00870E
37583	#164A8C
37584	#5A006E
37585	#97092F
37586	#914B0C
37587	#9A5909
37588	#A00227
37589	#620065
37590	#1E3395
37591	#008919
37592	#004100
37593	#000A00
37594	#000089
37595	#0000B3
37596	#000097
37597	#A7A7C7
37598	#FFFFFF
37599	#FFFFFF
37600	#FFFFFF
37601	#FFFFFF
37602	#FFFFFF
37603	#FFFFFF
37604	#EAEAEB
37605	#4D3275
37606	#462577
37607	#472777
37608	#472777
37609	#472777
37610	#472777
37611	#472777
37612	#472777
37613	#472777
37614	#472777
37615	#472777
37616	#472777
37617	#472777
37618	#472777
37619	#472777
37620	#472777
37621	#472777
37622	#472777
37623	#472777
37624	#472777
37625	#472777
37626	#472777
37627	#472777
37628	#472777
37629	#472777
37630	#472777
37631	#472777
37632	#472777
37633	#472777
37634	#472777
37635	#472777
37636	#472777
37637	#472777
37638	#472777
37639	#472777
37640	#472777
37641	#472777
37642	#472777
37643	#472777
37644	#472777
37645	#472777
37646	#472777
37647	#472777
37648	#472777
37649	#472777
37650	#472777
37651	#472777
37652	#472777
37653	#472777
37654	#472777
37655	#472777
37656	#472777
37657	#472777
37658	#472777
37659	#472777
37660	#472777
37661	#472777
37662	#472777
37663	#472777
37664	#472777
37665	#472777
37666	#472777
37667	#472777
37668	#472777
37669	#472777
37670	#472777
37671	#472777
37672	#472777
37673	#472777
37674	#472777
37675	#472777
37676	#472576
37677	#482172
37678	#481C6E
37679	#48196B
37680	#481A6C
37681	#482172
37682	#462F7D
37683	#3E4988
37684	#30678D
37685	#23868D
37686	#20A186
37687	#33B679
37688	#47C06E
37689	#3FBC73
37690	#26AB81
37691	#20918C
37692	#2B748E
37693	#38568B
37694	#433B83
37695	#472777
37696	#481B6D
37697	#430D63
37698	#623D74
37699	#FDFEFC
37700	#FFFFFF
37701	#FFFFFF
37702	#FFFFFF
37703	#5B5B5B
37704	#000000
37705	#000000
37706	#000000
37707	#000000
37708	#000000
37709	#000000
37710	#000000
37711	#000000
37712	#000000
37713	#000000
37714	#000000
37715	#000000
37716	#000000
37717	#000000
37718	#000000
37719	#000000
37720	#000000
37721	#000000
37722	#000000
37723	#000000
37724	#000000
37725	#000000
37726	#000000
37727	#000000
37728	#000000
37729	#000000
37730	#000000
37731	#000000
37732	#000000
37733	#000000
37734	#000000
37735	#000000
37736	#000000
37737	#000000
37738	#000000
37739	#000000
37740	#000000
37741	#000000
37742	#000000
37743	#000000
37744	#000000
37745	#000000
37746	#000000
37747	#000000
37748	#000000
37749	#000000
37750	#000000
37751	#000000
37752	#000000
37753	#000000
37754	#000000
37755	#000000
37756	#000000
37757	#000000
37758	#000000
37759	#000000
37760	#000000
37761	#000000
37762	#000000
37763	#000000
37764	#000000
37765	#000000
37766	#000000
37767	#000000
37768	#000000
37769	#000000
37770	#000000
37771	#000000
37772	#000000
37773	#000000
37774	#00000F
37775	#0000AB
37776	#0000BE
37777	#0000B0
37778	#0000B1
37779	#0000AA
37780	#000511
37781	#003A00
37782	#008920
37783	#2C2E91
37784	#840048
37785	#815D0C
37786	#0BA900
37787	#0D9F00
37788	#5D5F07
37789	#89053F
37790	#351695
37791	#018E3F
37792	#004C00
37793	#000D00
37794	#000085
37795	#0000AD
37796	#000090
37797	#A7A7C6
37798	#FFFFFF
37799	#FFFFFF
37800	#FFFFFF
37801	#FFFFFF
37802	#FFFFFF
37803	#FFFFFF
37804	#EAEAEB
37805	#4D3275
37806	#462577
37807	#472777
37808	#472777
37809	#472777
37810	#472777
37811	#472777
37812	#472777
37813	#472777
37814	#472777
37815	#472777
37816	#472777
37817	#472777
37818	#472777
37819	#472777
37820	#472777
37821	#472777
37822	#472777
37823	#472777
37824	#472777
37825	#472777
37826	#472777
37827	#472777
37828	#472777
37829	#472777
37830	#472777
37831	#472777
37832	#472777
37833	#472777
37834	#472777
37835	#472777
37836	#472777
37837	#472777
37838	#472777
37839	#472777
37840	#472777
37841	#472777
37842	#472777
37843	#472777
37844	#472777
37845	#472777
37846	#472777
37847	#472777
37848	#472777
37849	#472777
37850	#472777
37851	#472777
37852	#472777
37853	#472777
37854	#472777
37855	#472777
37856	#472777
37857	#472777
37858	#472777
37859	#472777
37860	#472777
37861	#472777
37862	#472777
37863	#472777
37864	#472777
37865	#472777
37866	#472777
37867	#472777
37868	#472777
37869	#472777
37870	#472777
37871	#472777
37872	#472777
37873	#472777
37874	#472777
37875	#472777
37876	#472576
37877	#481F71
37878	#481A6C
37879	#471669
37880	#47176A
37881	#481F70
37882	#46307D
37883	#3C4E8A
37884	#2D6F8E
37885	#20918C
37886	#2BB07E
37887	#54C567
37888	#71CF56
37889	#65CB5D
37890	#3ABA75
37891	#1F9D88
37892	#277C8E
37893	#355C8C
37894	#423D84
37895	#472777
37896	#48196B
37897	#430A60
37898	#613A72
37899	#FDFEFC
37900	#FFFFFF
37901	#FFFFFF
37902	#FFFFFF
37903	#5B5B5B
37904	#000000
37905	#000000
37906	#000000
37907	#000000
37908	#000000
37909	#000000
37910	#000000
37911	#000000
37912	#000000
37913	#000000
37914	#000000
37915	#000000
37916	#000000
37917	#000000
37918	#000000
37919	#000000
37920	#000000
37921	#000000
37922	#000000
37923	#000000
37924	#000000
37925	#000000
37926	#000000
37927	#000000
37928	#000000
37929	#000000
37930	#000000
37931	#000000
37932	#000000
37933	#000000
37934	#000000
37935	#000000
37936	#000000
37937	#000000
37938	#000000
37939	#000000
37940	#000000
37941	#000000
37942	#000000
37943	#000000
37944	#000000
37945	#000000
37946	#000000
37947	#000000
37948	#000000
37949	#000000
37950	#000000
37951	#000000
37952	#000000
37953	#000000
37954	#000000
37955	#000000
37956	#000000
37957	#000000
37958	#000000
37959	#000000
37960	#000000
37961	#000000
37962	#000000
37963	#000000
37964	#000000
37965	#000000
37966	#000000
37967	#000000
37968	#000000
37969	#000000
37970	#000000
37971	#000000
37972	#000000
37973	#000000
37974	#000014
37975	#0000B8
37976	#0000B9
37977	#0000AA
37978	#0000A9
37979	#0000B6
37980	#00063F
37981	#004400
37982	#038754
37983	#470886
37984	#8C1624
37985	#268A00
37986	#006700
37987	#005F00
37988	#0B9400
37989	#862D1C
37990	#550178
37991	#086F6D
37992	#005B00
37993	#000E19
37994	#0000A6
37995	#0000A3
37996	#000087
37997	#A7A7C4
37998	#FFFFFF
37999	#FFFFFF
38000	#FFFFFF
38001	#FFFFFF
38002	#FFFFFF
38003	#FFFFFF
38004	#EAEAEB
38005	#4D3275
38006	#462577
38007	#472777
38008	#472777
38009	#472777
38010	#472777
38011	#472777
38012	#472777
38013	#472777
38014	#472777
38015	#472777
38016	#472777
38017	#472777
38018	#472777
38019	#472777
38020	#472777
38021	#472777
38022	#472777
38023	#472777
38024	#472777
38025	#472777
38026	#472777
38027	#472777
38028	#472777
38029	#472777
38030	#472777
38031	#472777
38032	#472777
38033	#472777
38034	#472777
38035	#472777
38036	#472777
38037	#472777
38038	#472777
38039	#472777
38040	#472777
38041	#472777
38042	#472777
38043	#472777
38044	#472777
38045	#472777
38046	#472777
38047	#472777
38048	#472777
38049	#472777
38050	#472777
38051	#472777
38052	#472777
38053	#472777
38054	#472777
38055	#472777
38056	#472777
38057	#472777
38058	#472777
38059	#472777
38060	#472777
38061	#472777
38062	#472777
38063	#472777
38064	#472777
38065	#472777
38066	#472777
38067	#472777
38068	#472777
38069	#472777
38070	#472777
38071	#472777
38072	#472777
38073	#472777
38074	#472777
38075	#472777
38076	#472475
38077	#481E70
38078	#48186B
38079	#471567
38080	#471668
38081	#481E70
38082	#46317E
38083	#3A518A
38084	#2A758E
38085	#1F9B89
38086	#3FBC72
38087	#7CD24F
38088	#A1DA37
38089	#93D741
38090	#58C764
38091	#25A983
38092	#23848E
38093	#33618D
38094	#414085
38095	#472777
38096	#48186A
38097	#42075D
38098	#613870
38099	#FDFEFC
38100	#FFFFFF
38101	#FFFFFF
38102	#FFFFFF
38103	#5B5B5B
38104	#000000
38105	#000000
38106	#000000
38107	#000000
38108	#000000
38109	#000000
38110	#000000
38111	#000000
38112	#000000
38113	#000000
38114	#000000
38115	#000000
38116	#000000
38117	#000000
38118	#000000
38119	#000000
38120	#000000
38121	#000000
38122	#000000
38123	#000000
38124	#000000
38125	#000000
38126	#000000
38127	#000000
38128	#000000
38129	#000000
38130	#000000
38131	#000000
38132	#000000
38133	#000000
38134	#000000
38135	#000000
38136	#000000
38137	#000000
38138	#000000
38139	#000000
38140	#000000
38141	#000000
38142	#000000
38143	#000000
38144	#000000
38145	#000000
38146	#000000
38147	#000000
38148	#000000
38149	#000000
38150	#000000
38151	#000000
38152	#000000
38153	#000000
38154	#000000
38155	#000000
38156	#000000
38157	#000000
38158	#000000
38159	#000000
38160	#000000
38161	#000000
38162	#000000
38163	#000000
38164	#000000
38165	#000000
38166	#000000
38167	#000000
38168	#000000
38169	#000000
38170	#000000
38171	#000000
38172	#000000
38173	#000000
38174	#000013
38175	#0000B4
38176	#0000B6
38177	#0000A6
38178	#0000A3
38179	#0000BC
38180	#00065A
38181	#004F00
38182	#0A5C50
38183	#65016D
38184	#62610D
38185	#007200
38186	#0E2C00
38187	#152500
38188	#006400
38189	#4B5C08
38190	#73005D
38191	#116C81
38192	#006600
38193	#001128
38194	#0000B8
38195	#00009B
38196	#00007F
38197	#A7A7C3
38198	#FFFFFF
38199	#FFFFFF
38200	#FFFFFF
38201	#FFFFFF
38202	#FFFFFF
38203	#FFFFFF
38204	#EAEAEB
38205	#4D3275
38206	#462577
38207	#472777
38208	#472777
38209	#472777
38210	#472777
38211	#472777
38212	#472777
38213	#472777
38214	#472777
38215	#472777
38216	#472777
38217	#472777
38218	#472777
38219	#472777
38220	#472777
38221	#472777
38222	#472777
38223	#472777
38224	#472777
38225	#472777
38226	#472777
38227	#472777
38228	#472777
38229	#472777
38230	#472777
38231	#472777
38232	#472777
38233	#472777
38234	#472777
38235	#472777
38236	#472777
38237	#472777
38238	#472777
38239	#472777
38240	#472777
38241	#472777
38242	#472777
38243	#472777
38244	#472777
38245	#472777
38246	#472777
38247	#472777
38248	#472777
38249	#472777
38250	#472777
38251	#472777
38252	#472777
38253	#472777
38254	#472777
38255	#472777
38256	#472777
38257	#472777
38258	#472777
38259	#472777
38260	#472777
38261	#472777
38262	#472777
38263	#472777
38264	#472777
38265	#472777
38266	#472777
38267	#472777
38268	#472777
38269	#472777
38270	#472777
38271	#472777
38272	#472777
38273	#472777
38274	#472777
38275	#472777
38276	#472474
38277	#481E70
38278	#471769
38279	#471365
38280	#471567
38281	#481E6F
38282	#45327F
38283	#39548B
38284	#277B8E
38285	#22A485
38286	#58C764
38287	#A3DA36
38288	#CCE11D
38289	#BDDE26
38290	#77D051
38291	#2FB27C
38292	#218C8D
38293	#31658E
38294	#414286
38295	#472777
38296	#471769
38297	#42055B
38298	#61366E
38299	#FDFEFC
38300	#FFFFFF
38301	#FFFFFF
38302	#FFFFFF
38303	#5B5B5B
38304	#000000
38305	#000000
38306	#000000
38307	#000000
38308	#000000
38309	#000000
38310	#000000
38311	#000000
38312	#000000
38313	#000000
38314	#000000
38315	#000000
38316	#000000
38317	#000000
38318	#000000
38319	#000000
38320	#000000
38321	#000000
38322	#000000
38323	#000000
38324	#000000
38325	#000000
38326	#000000
38327	#000000
38328	#000000
38329	#000000
38330	#000000
38331	#000000
38332	#000000
38333	#000000
38334	#000000
38335	#000000
38336	#000000
38337	#000000
38338	#000000
38339	#000000
38340	#000000
38341	#000000
38342	#000000
38343	#000000
38344	#000000
38345	#000000
38346	#000000
38347	#000000
38348	#000000
38349	#000000
38350	#000000
38351	#000000
38352	#000000
38353	#000000
38354	#000000
38355	#000000
38356	#000000
38357	#000000
38358	#000000
38359	#000000
38360	#000000
38361	#000000
38362	#000000
38363	#000000
38364	#000000
38365	#000000
38366	#000000
38367	#000000
38368	#000000
38369	#000000
38370	#000000
38371	#000000
38372	#000000
38373	#000000
38374	#000012
38375	#0000B2
38376	#0000B3
38377	#0000A1
38378	#00009F
38379	#0000B9
38380	#000757
38381	#005700
38382	#12535E
38383	#760055
38384	#2C7603
38385	#0E4500
38386	#950500
38387	#9C0200
38388	#173500
38389	#317A00
38390	#810E46
38391	#1E2F72
38392	#006A00
38393	#001427
38394	#0000B5
38395	#000096
38396	#000079
38397	#A7A7C1
38398	#FFFFFF
38399	#FFFFFF
38400	#FFFFFF
38401	#FFFFFF
38402	#FFFFFF
38403	#FFFFFF
38404	#EAEAEB
38405	#4D3275
38406	#462577
38407	#472777
38408	#472777
38409	#472777
38410	#472777
38411	#472777
38412	#472777
38413	#472777
38414	#472777
38415	#472777
38416	#472777
38417	#472777
38418	#472777
38419	#472777
38420	#472777
38421	#472777
38422	#472777
38423	#472777
38424	#472777
38425	#472777
38426	#472777
38427	#472777
38428	#472777
38429	#472777
38430	#472777
38431	#472777
38432	#472777
38433	#472777
38434	#472777
38435	#472777
38436	#472777
38437	#472777
38438	#472777
38439	#472777
38440	#472777
38441	#472777
38442	#472777
38443	#472777
38444	#472777
38445	#472777
38446	#472777
38447	#472777
38448	#472777
38449	#472777
38450	#472777
38451	#472777
38452	#472777
38453	#472777
38454	#472777
38455	#472777
38456	#472777
38457	#472777
38458	#472777
38459	#472777
38460	#472777
38461	#472777
38462	#472777
38463	#472777
38464	#472777
38465	#472777
38466	#472777
38467	#472777
38468	#472777
38469	#472777
38470	#472777
38471	#472777
38472	#472777
38473	#472777
38474	#472777
38475	#472777
38476	#472474
38477	#481D6F
38478	#471668
38479	#471164
38480	#471366
38481	#481D6F
38482	#45337F
38483	#38568B
38484	#25808E
38485	#28AB81
38486	#6ECD57
38487	#C1DF24
38488	#EDE519
38489	#DEE31A
38490	#91D641
38491	#3BB975
38492	#1F918C
38493	#2F698E
38494	#3F4487
38495	#472777
38496	#471567
38497	#420359
38498	#60346D
38499	#FDFEFC
38500	#FFFFFF
38501	#FFFFFF
38502	#FFFFFF
38503	#5B5B5B
38504	#000000
38505	#000000
38506	#000000
38507	#000000
38508	#000000
38509	#000000
38510	#000000
38511	#000000
38512	#000000
38513	#000000
38514	#000000
38515	#000000
38516	#000000
38517	#000000
38518	#000000
38519	#000000
38520	#000000
38521	#000000
38522	#000000
38523	#000000
38524	#000000
38525	#000000
38526	#000000
38527	#000000
38528	#000000
38529	#000000
38530	#000000
38531	#000000
38532	#000000
38533	#000000
38534	#000000
38535	#000000
38536	#000000
38537	#000000
38538	#000000
38539	#000000
38540	#000000
38541	#000000
38542	#000000
38543	#000000
38544	#000000
38545	#000000
38546	#000000
38547	#000000
38548	#000000
38549	#000000
38550	#000000
38551	#000000
38552	#000000
38553	#000000
38554	#000000
38555	#000000
38556	#000000
38557	#000000
38558	#000000
38559	#000000
38560	#000000
38561	#000000
38562	#000000
38563	#000000
38564	#000000
38565	#000000
38566	#000000
38567	#000000
38568	#000000
38569	#000000
38570	#000000
38571	#000000
38572	#000000
38573	#000000
38574	#000012
38575	#0000B1
38576	#0000B1
38577	#00009E
38578	#00009B
38579	#0000B7
38580	#000856
38581	#005D01
38582	#175890
38583	#871242
38584	#2A7300
38585	#372300
38586	#930000
38587	#8D0000
38588	#4A1800
38589	#067700
38590	#791537
38591	#292B68
38592	#007100
38593	#001527
38594	#0000B3
38595	#000092
38596	#000074
38597	#A7A7C0
38598	#FFFFFF
38599	#FFFFFF
38600	#FFFFFF
38601	#FFFFFF
38602	#FFFFFF
38603	#FFFFFF
38604	#EAEAEB
38605	#4D3275
38606	#462577
38607	#472777
38608	#472777
38609	#472777
38610	#472777
38611	#472777
38612	#472777
38613	#472777
38614	#472777
38615	#472777
38616	#472777
38617	#472777
38618	#472777
38619	#472777
38620	#472777
38621	#472777
38622	#472777
38623	#472777
38624	#472777
38625	#472777
38626	#472777
38627	#472777
38628	#472777
38629	#472777
38630	#472777
38631	#472777
38632	#472777
38633	#472777
38634	#472777
38635	#472777
38636	#472777
38637	#472777
38638	#472777
38639	#472777
38640	#472777
38641	#472777
38642	#472777
38643	#472777
38644	#472777
38645	#472777
38646	#472777
38647	#472777
38648	#472777
38649	#472777
38650	#472777
38651	#472777
38652	#472777
38653	#472777
38654	#472777
38655	#472777
38656	#472777
38657	#472777
38658	#472777
38659	#472777
38660	#472777
38661	#472777
38662	#472777
38663	#472777
38664	#472777
38665	#472777
38666	#472777
38667	#472777
38668	#472777
38669	#472777
38670	#472777
38671	#472777
38672	#472777
38673	#472777
38674	#472777
38675	#472777
38676	#472474
38677	#481D6F
38678	#471668
38679	#471164
38680	#471366
38681	#481D6F
38682	#45337F
38683	#37588C
38684	#23838E
38685	#2CAF7E
38686	#7CD24D
38687	#D6E21E
38688	#FDE721
38689	#F1E61D
38690	#A4DA35
38691	#43BE6F
38692	#1F958B
38693	#2E6B8E
38694	#3F4587
38695	#472777
38696	#471567
38697	#410258
38698	#60346C
38699	#FDFEFC
38700	#FFFFFF
38701	#FFFFFF
38702	#FFFFFF
38703	#5B5B5B
38704	#000000
38705	#000000
38706	#000000
38707	#000000
38708	#000000
38709	#000000
38710	#000000
38711	#000000
38712	#000000
38713	#000000
38714	#000000
38715	#000000
38716	#000000
38717	#000000
38718	#000000
38719	#000000
38720	#000000
38721	#000000
38722	#000000
38723	#000000
38724	#000000
38725	#000000
38726	#000000
38727	#000000
38728	#000000
38729	#000000
38730	#000000
38731	#000000
38732	#000000
38733	#000000
38734	#000000
38735	#000000
38736	#000000
38737	#000000
38738	#000000
38739	#000000
38740	#000000
38741	#000000
38742	#000000
38743	#000000
38744	#000000
38745	#000000
38746	#000000
38747	#000000
38748	#000000
38749	#000000
38750	#000000
38751	#000000
38752	#000000
38753	#000000
38754	#000000
38755	#000000
38756	#000000
38757	#000000
38758	#000000
38759	#000000
38760	#000000
38761	#000000
38762	#000000
38763	#000000
38764	#000000
38765	#000000
38766	#000000
38767	#000000
38768	#000000
38769	#000000
38770	#000000
38771	#000000
38772	#000000
38773	#000000
38774	#000012
38775	#0000B1
38776	#0000B0
38777	#00009D
38778	#00009A
38779	#0000B6
38780	#000856
38781	#006001
38782	#1F5989
38783	#722A39
38784	#0F7F00
38785	#591200
38786	#7C0000
38787	#6F0000
38788	#7A0B00
38789	#0E6300
38790	#82132A
38791	#2F2E84
38792	#007517
38793	#001524
38794	#0000B3
38795	#000090
38796	#000071
38797	#A7A7C0
38798	#FFFFFF
38799	#FFFFFF
38800	#FFFFFF
38801	#FFFFFF
38802	#FFFFFF
38803	#FFFFFF
38804	#EAEAEB
38805	#4D3275
38806	#462577
38807	#472777
38808	#472777
38809	#472777
38810	#472777
38811	#472777
38812	#472777
38813	#472777
38814	#472777
38815	#472777
38816	#472777
38817	#472777
38818	#472777
38819	#472777
38820	#472777
38821	#472777
38822	#472777
38823	#472777
38824	#472777
38825	#472777
38826	#472777
38827	#472777
38828	#472777
38829	#472777
38830	#472777
38831	#472777
38832	#472777
38833	#472777
38834	#472777
38835	#472777
38836	#472777
38837	#472777
38838	#472777
38839	#472777
38840	#472777
38841	#472777
38842	#472777
38843	#472777
38844	#472777
38845	#472777
38846	#472777
38847	#472777
38848	#472777
38849	#472777
38850	#472777
38851	#472777
38852	#472777
38853	#472777
38854	#472777
38855	#472777
38856	#472777
38857	#472777
38858	#472777
38859	#472777
38860	#472777
38861	#472777
38862	#472777
38863	#472777
38864	#472777
38865	#472777
38866	#472777
38867	#472777
38868	#472777
38869	#472777
38870	#472777
38871	#472777
38872	#472777
38873	#472777
38874	#472777
38875	#472777
38876	#472474
38877	#481D6F
38878	#471568
38879	#471062
38880	#471264
38881	#481D6F
38882	#45337F
38883	#37598C
38884	#22858E
38885	#2FB27C
38886	#86D447
38887	#E2E41D
38888	#FFE824
38889	#F8E71E
38890	#B0DD2F
38891	#49C16C
38892	#1F978B
38893	#2D6C8E
38894	#3F4687
38895	#472777
38896	#471467
38897	#410056
38898	#60336B
38899	#FDFEFC
38900	#FFFFFF
38901	#FFFFFF
38902	#FFFFFF
38903	#5B5B5B
38904	#000000
38905	#000000
38906	#000000
38907	#000000
38908	#000000
38909	#000000
38910	#000000
38911	#000000
38912	#000000
38913	#000000
38914	#000000
38915	#000000
38916	#000000
38917	#000000
38918	#000000
38919	#000000
38920	#000000
38921	#000000
38922	#000000
38923	#000000
38924	#000000
38925	#000000
38926	#000000
38927	#000000
38928	#000000
38929	#000000
38930	#000000
38931	#000000
38932	#000000
38933	#000000
38934	#000000
38935	#000000
38936	#000000
38937	#000000
38938	#000000
38939	#000000
38940	#000000
38941	#000000
38942	#000000
38943	#000000
38944	#000000
38945	#000000
38946	#000000
38947	#000000
38948	#000000
38949	#000000
38950	#000000
38951	#000000
38952	#000000
38953	#000000
38954	#000000
38955	#000000
38956	#000000
38957	#000000
38958	#000000
38959	#000000
38960	#000000
38961	#000000
38962	#000000
38963	#000000
38964	#000000
38965	#000000
38966	#000000
38967	#000000
38968	#000000
38969	#000000
38970	#000000
38971	#000000
38972	#000000
38973	#000000
38974	#000012
38975	#0000B2
38976	#0000B0
38977	#00009B
38978	#000098
38979	#0000B6
38980	#000756
38981	#006201
38982	#255C86
38983	#642634
38984	#007100
38985	#4D0C00
38986	#720000
38987	#6A0000
38988	#730500
38989	#106700
38990	#894B22
38991	#322C96
38992	#007927
38993	#001723
38994	#0000B3
38995	#00008E
38996	#00006E
38997	#A7A7BF
38998	#FFFFFF
38999	#FFFFFF
39000	#FFFFFF
39001	#FFFFFF
39002	#FFFFFF
39003	#FFFFFF
39004	#E9E9EA
39005	#462B6E
39006	#3F1E70
39007	#402070
39008	#402070
39009	#402070
39010	#402070
39011	#402070
39012	#402070
39013	#402070
39014	#402070
39015	#402070
39016	#402070
39017	#402070
39018	#402070
39019	#402070
39020	#402070
39021	#402070
39022	#402070
39023	#402070
39024	#402070
39025	#402070
39026	#402070
39027	#402070
39028	#402070
39029	#402070
39030	#402070
39031	#402070
39032	#402070
39033	#402070
39034	#402070
39035	#402070
39036	#402070
39037	#402070
39038	#402070
39039	#402070
39040	#402070
39041	#402070
39042	#402070
39043	#402070
39044	#402070
39045	#402070
39046	#402070
39047	#402070
39048	#402070
39049	#402070
39050	#402070
39051	#402070
39052	#402070
39053	#402070
39054	#402070
39055	#402070
39056	#402070
39057	#402070
39058	#402070
39059	#402070
39060	#402070
39061	#402070
39062	#402070
39063	#402070
39064	#402070
39065	#402070
39066	#402070
39067	#402070
39068	#402070
39069	#402070
39070	#402070
39071	#402070
39072	#402070
39073	#402070
39074	#402070
39075	#402070
39076	#401D6D
39077	#411668
39078	#400E60
39079	#40095B
39080	#400B5D
39081	#411567
39082	#3E2D78
39083	#2F5285
39084	#1B7E87
39085	#2AAC73
39086	#85CE3C
39087	#E0DD16
39088	#F8E01D
39089	#F3E018
39090	#AFD625
39091	#46BB62
39092	#189183
39093	#266687
39094	#383F80
39095	#402070
39096	#400D5F
39097	#3A004F
39098	#5A2D65
39099	#FDFEFC
39100	#FFFFFF
39101	#FFFFFF
39102	#FFFFFF
39103	#565656
39104	#000000
39105	#000000
39106	#000000
39107	#000000
39108	#000000
39109	#000000
39110	#000000
39111	#000000
39112	#000000
39113	#000000
39114	#000000
39115	#000000
39116	#000000
39117	#000000
39118	#000000
39119	#000000
39120	#000000
39121	#000000
39122	#000000
39123	#000000
39124	#000000
39125	#000000
39126	#000000
39127	#000000
39128	#000000
39129	#000000
39130	#000000
39131	#000000
39132	#000000
39133	#000000
39134	#000000
39135	#000000
39136	#000000
39137	#000000
39138	#000000
39139	#000000
39140	#000000
39141	#000000
39142	#000000
39143	#000000
39144	#000000
39145	#000000
39146	#000000
39147	#000000
39148	#000000
39149	#000000
39150	#000000
39151	#000000
39152	#000000
39153	#000000
39154	#000000
39155	#000000
39156	#000000
39157	#000000
39158	#000000
39159	#000000
39160	#000000
39161	#000000
39162	#000000
39163	#000000
39164	#000000
39165	#000000
39166	#000000
39167	#000000
39168	#000000
39169	#000000
39170	#000000
39171	#000000
39172	#000000
39173	#000000
39174	#00000C
39175	#0000AA
39176	#0000A6
39177	#000092
39178	#000090
39179	#0000AD
39180	#00014F
39181	#005C00
39182	#20567D
39183	#601E2A
39184	#036400
39185	#6D0200
39186	#650000
39187	#620000
39188	#640000
39189	#095D00
39190	#855218
39191	#2D258A
39192	#00721E
39193	#00101C
39194	#0000AB
39195	#000086
39196	#000066
39197	#A4A4BC
39198	#FFFFFF
39199	#FFFFFF
39200	#FFFFFF
39201	#FFFFFF
39202	#FFFFFF
39203	#FFFFFF
39204	#F8F8F8
39205	#BDB8C5
39206	#BAB3C4
39207	#BAB4C4
39208	#BAB4C4
39209	#BAB4C4
39210	#BAB4C4
39211	#BAB4C4
39212	#BAB4C4
39213	#BAB4C4
39214	#BAB4C4
39215	#BAB4C4
39216	#BAB4C4
39217	#BAB4C4
39218	#BAB4C4
39219	#BAB4C4
39220	#BAB4C4
39221	#BAB4C4
39222	#BAB4C4
39223	#BAB4C4
39224	#BAB4C4
39225	#BAB4C4
39226	#BAB4C4
39227	#BAB4C4
39228	#BAB4C4
39229	#BAB4C4
39230	#BAB4C4
39231	#BAB4C4
39232	#BAB4C4
39233	#BAB4C4
39234	#BAB4C4
39235	#BAB4C4
39236	#BAB4C4
39237	#BAB4C4
39238	#BAB4C4
39239	#BAB4C4
39240	#BAB4C4
39241	#BAB4C4
39242	#BAB4C4
39243	#BAB4C4
39244	#BAB4C4
39245	#BAB4C4
39246	#BAB4C4
39247	#BAB4C4
39248	#BAB4C4
39249	#BAB4C4
39250	#BAB4C4
39251	#BAB4C4
39252	#BAB4C4
39253	#BAB4C4
39254	#BAB4C4
39255	#BAB4C4
39256	#BAB4C4
39257	#BAB4C4
39258	#BAB4C4
39259	#BAB4C4
39260	#BAB4C4
39261	#BAB4C4
39262	#BAB4C4
39263	#BAB4C4
39264	#BAB4C4
39265	#BAB4C4
39266	#BAB4C4
39267	#BAB4C4
39268	#BAB4C4
39269	#BAB4C4
39270	#BAB4C4
39271	#BAB4C4
39272	#BAB4C4
39273	#BAB4C4
39274	#BAB4C4
39275	#BAB4C4
39276	#BAB3C4
39277	#BBB2C3
39278	#BAB0C1
39279	#BAAFC0
39280	#BAB0C0
39281	#BBB2C2
39282	#BAB7C6
39283	#B7BEC8
39284	#B3C7C9
39285	#B6D1C5
39286	#C9D7B9
39287	#DBDAB2
39288	#E0DBB3
39289	#DFDBB3
39290	#D1D9B5
39291	#BCD3C1
39292	#B2CBC8
39293	#B5C2C9
39294	#B9BAC7
39295	#BAB4C4
39296	#BAB0C1
39297	#B8ABBD
39298	#C5BCC7
39299	#FEFEFE
39300	#FFFFFF
39301	#FFFFFF
39302	#FFFFFF
39303	#C9C9C9
39304	#ABABAB
39305	#ACACAC
39306	#ACACAC
39307	#ACACAC
39308	#ACACAC
39309	#ACACAC
39310	#ACACAC
39311	#ACACAC
39312	#ACACAC
39313	#ACACAC
39314	#ACACAC
39315	#ACACAC
39316	#ACACAC
39317	#ACACAC
39318	#ACACAC
39319	#ACACAC
39320	#ACACAC
39321	#ACACAC
39322	#ACACAC
39323	#ACACAC
39324	#ACACAC
39325	#ACACAC
39326	#ACACAC
39327	#ACACAC
39328	#ACACAC
39329	#ACACAC
39330	#ACACAC
39331	#ACACAC
39332	#ACACAC
39333	#ACACAC
39334	#ACACAC
39335	#ACACAC
39336	#ACACAC
39337	#ACACAC
39338	#ACACAC
39339	#ACACAC
39340	#ACACAC
39341	#ACACAC
39342	#ACACAC
39343	#ACACAC
39344	#ACACAC
39345	#ACACAC
39346	#ACACAC
39347	#ACACAC
39348	#ACACAC
39349	#ACACAC
39350	#ACACAC
39351	#ACACAC
39352	#ACACAC
39353	#ACACAC
39354	#ACACAC
39355	#ACACAC
39356	#ACACAC
39357	#ACACAC
39358	#ACACAC
39359	#ACACAC
39360	#ACACAC
39361	#ACACAC
39362	#ACACAC
39363	#ACACAC
39364	#ACACAC
39365	#ACACAC
39366	#ACACAC
39367	#ACACAC
39368	#ACACAC
39369	#ACACAC
39370	#ACACAC
39371	#ACACAC
39372	#ACACAC
39373	#ACACAC
39374	#ACACB0
39375	#ACACD0
39376	#ACACCF
39377	#ACACCB
39378	#ACACCB
39379	#ACACD0
39380	#ACAEBD
39381	#ACC0AC
39382	#B4BFC7
39383	#C1B3B6
39384	#B0C1AC
39385	#CBAEAC
39386	#C1ACAC
39387	#C1ACAC
39388	#C1ADAC
39389	#AFC0AC
39390	#C8BEB2
39391	#B7B5C9
39392	#ACC5B4
39393	#ACB1B3
39394	#ACACD0
39395	#ACACC9
39396	#ABABC1
39397	#E1E1E5
39398	#FFFFFF
39399	#FFFFFF
39400	#FFFFFF
39401	#FFFFFF
39402	#FFFFFF
39403	#FFFFFF
39404	#FFFFFF
39405	#FFFFFF
39406	#FFFFFF
39407	#FFFFFF
39408	#FFFFFF
39409	#FFFFFF
39410	#FFFFFF
39411	#FFFFFF
39412	#FFFFFF
39413	#FFFFFF
39414	#FFFFFF
39415	#FFFFFF
39416	#FFFFFF
39417	#FFFFFF
39418	#FFFFFF
39419	#FFFFFF
39420	#FFFFFF
39421	#FFFFFF
39422	#FFFFFF
39423	#FFFFFF
39424	#FFFFFF
39425	#FFFFFF
39426	#FFFFFF
39427	#FFFFFF
39428	#FFFFFF
39429	#FFFFFF
39430	#FFFFFF
39431	#FFFFFF
39432	#FFFFFF
39433	#FFFFFF
39434	#FFFFFF
39435	#FFFFFF
39436	#FFFFFF
39437	#FFFFFF
39438	#FFFFFF
39439	#FFFFFF
39440	#FFFFFF
39441	#FFFFFF
39442	#FFFFFF
39443	#FFFFFF
39444	#FFFFFF
39445	#FFFFFF
39446	#FFFFFF
39447	#FFFFFF
39448	#FFFFFF
39449	#FFFFFF
39450	#FFFFFF
39451	#FFFFFF
39452	#FFFFFF
39453	#FFFFFF
39454	#FFFFFF
39455	#FFFFFF
39456	#FFFFFF
39457	#FFFFFF
39458	#FFFFFF
39459	#FFFFFF
39460	#FFFFFF
39461	#FFFFFF
39462	#FFFFFF
39463	#FFFFFF
39464	#FFFFFF
39465	#FFFFFF
39466	#FFFFFF
39467	#FFFFFF
39468	#FFFFFF
39469	#FFFFFF
39470	#FFFFFF
39471	#FFFFFF
39472	#FFFFFF
39473	#FFFFFF
39474	#FFFFFF
39475	#FFFFFF
39476	#FFFFFF
39477	#FFFFFF
39478	#FFFFFF
39479	#FFFFFF
39480	#FFFFFF
39481	#FFFFFF
39482	#FFFFFF
39483	#FFFFFF
39484	#FFFFFF
39485	#FFFFFF
39486	#FFFFFF
39487	#FFFFFF
39488	#FFFFFF
39489	#FFFFFF
39490	#FFFFFF
39491	#FFFFFF
39492	#FFFFFF
39493	#FFFFFF
39494	#FFFFFF
39495	#FFFFFF
39496	#FFFFFF
39497	#FFFFFF
39498	#FFFFFF
39499	#FFFFFF
39500	#FFFFFF
39501	#FFFFFF
39502	#FFFFFF
39503	#FFFFFF
39504	#FFFFFF
39505	#FFFFFF
39506	#FFFFFF
39507	#FFFFFF
39508	#FFFFFF
39509	#FFFFFF
39510	#FFFFFF
39511	#FFFFFF
39512	#FFFFFF
39513	#FFFFFF
39514	#FFFFFF
39515	#FFFFFF
39516	#FFFFFF
39517	#FFFFFF
39518	#FFFFFF
39519	#FFFFFF
39520	#FFFFFF
39521	#FFFFFF
39522	#FFFFFF
39523	#FFFFFF
39524	#FFFFFF
39525	#FFFFFF
39526	#FFFFFF
39527	#FFFFFF
39528	#FFFFFF
39529	#FFFFFF
39530	#FFFFFF
39531	#FFFFFF
39532	#FFFFFF
39533	#FFFFFF
39534	#FFFFFF
39535	#FFFFFF
39536	#FFFFFF
39537	#FFFFFF
39538	#FFFFFF
39539	#FFFFFF
39540	#FFFFFF
39541	#FFFFFF
39542	#FFFFFF
39543	#FFFFFF
39544	#FFFFFF
39545	#FFFFFF
39546	#FFFFFF
39547	#FFFFFF
39548	#FFFFFF
39549	#FFFFFF
39550	#FFFFFF
39551	#FFFFFF
39552	#FFFFFF
39553	#FFFFFF
39554	#FFFFFF
39555	#FFFFFF
39556	#FFFFFF
39557	#FFFFFF
39558	#FFFFFF
39559	#FFFFFF
39560	#FFFFFF
39561	#FFFFFF
39562	#FFFFFF
39563	#FFFFFF
39564	#FFFFFF
39565	#FFFFFF
39566	#FFFFFF
39567	#FFFFFF
39568	#FFFFFF
39569	#FFFFFF
39570	#FFFFFF
39571	#FFFFFF
39572	#FFFFFF
39573	#FFFFFF
39574	#FFFFFF
39575	#FFFFFF
39576	#FFFFFF
39577	#FFFFFF
39578	#FFFFFF
39579	#FFFFFF
39580	#FFFFFF
39581	#FFFFFF
39582	#FFFFFF
39583	#FFFFFF
39584	#FFFFFF
39585	#FFFFFF
39586	#FFFFFF
39587	#FFFFFF
39588	#FFFFFF
39589	#FFFFFF
39590	#FFFFFF
39591	#FFFFFF
39592	#FFFFFF
39593	#FFFFFF
39594	#FFFFFF
39595	#FFFFFF
39596	#FFFFFF
39597	#FFFFFF
39598	#FFFFFF
39599	#FFFFFF
39600	#FFFFFF
39601	#FFFFFF
39602	#FFFFFF
39603	#FFFFFF
39604	#FFFFFF
39605	#FFFFFF
39606	#FFFFFF
39607	#FFFFFF
39608	#FFFFFF
39609	#FFFFFF
39610	#FFFFFF
39611	#FFFFFF
39612	#FFFFFF
39613	#FFFFFF
39614	#FFFFFF
39615	#FFFFFF
39616	#FFFFFF
39617	#FFFFFF
39618	#FFFFFF
39619	#FFFFFF
39620	#FFFFFF
39621	#FFFFFF
39622	#FFFFFF
39623	#FFFFFF
39624	#FFFFFF
39625	#FFFFFF
39626	#FFFFFF
39627	#FFFFFF
39628	#FFFFFF
39629	#FFFFFF
39630	#FFFFFF
39631	#FFFFFF
39632	#FFFFFF
39633	#FFFFFF
39634	#FFFFFF
39635	#FFFFFF
39636	#FFFFFF
39637	#FFFFFF
39638	#FFFFFF
39639	#FFFFFF
39640	#FFFFFF
39641	#FFFFFF
39642	#FFFFFF
39643	#FFFFFF
39644	#FFFFFF
39645	#FFFFFF
39646	#FFFFFF
39647	#FFFFFF
39648	#FFFFFF
39649	#FFFFFF
39650	#FFFFFF
39651	#FFFFFF
39652	#FFFFFF
39653	#FFFFFF
39654	#FFFFFF
39655	#FFFFFF
39656	#FFFFFF
39657	#FFFFFF
39658	#FFFFFF
39659	#FFFFFF
39660	#FFFFFF
39661	#FFFFFF
39662	#FFFFFF
39663	#FFFFFF
39664	#FFFFFF
39665	#FFFFFF
39666	#FFFFFF
39667	#FFFFFF
39668	#FFFFFF
39669	#FFFFFF
39670	#FFFFFF
39671	#FFFFFF
39672	#FFFFFF
39673	#FFFFFF
39674	#FFFFFF
39675	#FFFFFF
39676	#FFFFFF
39677	#FFFFFF
39678	#FFFFFF
39679	#FFFFFF
39680	#FFFFFF
39681	#FFFFFF
39682	#FFFFFF
39683	#FFFFFF
39684	#FFFFFF
39685	#FFFFFF
39686	#FFFFFF
39687	#FFFFFF
39688	#FFFFFF
39689	#FFFFFF
39690	#FFFFFF
39691	#FFFFFF
39692	#FFFFFF
39693	#FFFFFF
39694	#FFFFFF
39695	#FFFFFF
39696	#FFFFFF
39697	#FFFFFF
39698	#FFFFFF
39699	#FFFFFF
39700	#FFFFFF
39701	#FFFFFF
39702	#FFFFFF
39703	#FFFFFF
39704	#FFFFFF
39705	#FFFFFF
39706	#FFFFFF
39707	#FFFFFF
39708	#FFFFFF
39709	#FFFFFF
39710	#FFFFFF
39711	#FFFFFF
39712	#FFFFFF
39713	#FFFFFF
39714	#FFFFFF
39715	#FFFFFF
39716	#FFFFFF
39717	#FFFFFF
39718	#FFFFFF
39719	#FFFFFF
39720	#FFFFFF
39721	#FFFFFF
39722	#FFFFFF
39723	#FFFFFF
39724	#FFFFFF
39725	#FFFFFF
39726	#FFFFFF
39727	#FFFFFF
39728	#FFFFFF
39729	#FFFFFF
39730	#FFFFFF
39731	#FFFFFF
39732	#FFFFFF
39733	#FFFFFF
39734	#FFFFFF
39735	#FFFFFF
39736	#FFFFFF
39737	#FFFFFF
39738	#FFFFFF
39739	#FFFFFF
39740	#FFFFFF
39741	#FFFFFF
39742	#FFFFFF
39743	#FFFFFF
39744	#FFFFFF
39745	#FFFFFF
39746	#FFFFFF
39747	#FFFFFF
39748	#FFFFFF
39749	#FFFFFF
39750	#FFFFFF
39751	#FFFFFF
39752	#FFFFFF
39753	#FFFFFF
39754	#FFFFFF
39755	#FFFFFF
39756	#FFFFFF
39757	#FFFFFF
39758	#FFFFFF
39759	#FFFFFF
39760	#FFFFFF
39761	#FFFFFF
39762	#FFFFFF
39763	#FFFFFF
39764	#FFFFFF
39765	#FFFFFF
39766	#FFFFFF
39767	#FFFFFF
39768	#FFFFFF
39769	#FFFFFF
39770	#FFFFFF
39771	#FFFFFF
39772	#FFFFFF
39773	#FFFFFF
39774	#FFFFFF
39775	#FFFFFF
39776	#FFFFFF
39777	#FFFFFF
39778	#FFFFFF
39779	#FFFFFF
39780	#FFFFFF
39781	#FFFFFF
39782	#FFFFFF
39783	#FFFFFF
39784	#FFFFFF
39785	#FFFFFF
39786	#FFFFFF
39787	#FFFFFF
39788	#FFFFFF
39789	#FFFFFF
39790	#FFFFFF
39791	#FFFFFF
39792	#FFFFFF
39793	#FFFFFF
39794	#FFFFFF
39795	#FFFFFF
39796	#FFFFFF
39797	#FFFFFF
39798	#FFFFFF
39799	#FFFFFF
39800	#FFFFFF
39801	#FFFFFF
39802	#FFFFFF
39803	#FFFFFF
39804	#FFFFFF
39805	#FFFFFF
39806	#FFFFFF
39807	#FFFFFF
39808	#FFFFFF
39809	#FFFFFF
39810	#FFFFFF
39811	#FFFFFF
39812	#FFFFFF
39813	#FFFFFF
39814	#FFFFFF
39815	#FFFFFF
39816	#FFFFFF
39817	#FFFFFF
39818	#FFFFFF
39819	#FFFFFF
39820	#FFFFFF
39821	#FFFFFF
39822	#FFFFFF
39823	#FFFFFF
39824	#FFFFFF
39825	#FFFFFF
39826	#FFFFFF
39827	#FFFFFF
39828	#FFFFFF
39829	#FFFFFF
39830	#FFFFFF
39831	#FFFFFF
39832	#FFFFFF
39833	#FFFFFF
39834	#FFFFFF
39835	#FFFFFF
39836	#FFFFFF
39837	#FFFFFF
39838	#FFFFFF
39839	#FFFFFF
39840	#FFFFFF
39841	#FFFFFF
39842	#FFFFFF
39843	#FFFFFF
39844	#FFFFFF
39845	#FFFFFF
39846	#FFFFFF
39847	#FFFFFF
39848	#FFFFFF
39849	#FFFFFF
39850	#FFFFFF
39851	#FFFFFF
39852	#FFFFFF
39853	#FFFFFF
39854	#FFFFFF
39855	#FFFFFF
39856	#FFFFFF
39857	#FFFFFF
39858	#FFFFFF
39859	#FFFFFF
39860	#FFFFFF
39861	#FFFFFF
39862	#FFFFFF
39863	#FFFFFF
39864	#FFFFFF
39865	#FFFFFF
39866	#FFFFFF
39867	#FFFFFF
39868	#FFFFFF
39869	#FFFFFF
39870	#FFFFFF
39871	#FFFFFF
39872	#FFFFFF
39873	#FFFFFF
39874	#FFFFFF
39875	#FFFFFF
39876	#FFFFFF
39877	#FFFFFF
39878	#FFFFFF
39879	#FFFFFF
39880	#FFFFFF
39881	#FFFFFF
39882	#FFFFFF
39883	#FFFFFF
39884	#FFFFFF
39885	#FFFFFF
39886	#FFFFFF
39887	#FFFFFF
39888	#FFFFFF
39889	#FFFFFF
39890	#FFFFFF
39891	#FFFFFF
39892	#FFFFFF
39893	#FFFFFF
39894	#FFFFFF
39895	#FFFFFF
39896	#FFFFFF
39897	#FFFFFF
39898	#FFFFFF
39899	#FFFFFF
39900	#FFFFFF
39901	#FFFFFF
39902	#FFFFFF
39903	#FFFFFF
39904	#FFFFFF
39905	#FFFFFF
39906	#FFFFFF
39907	#FFFFFF
39908	#FFFFFF
39909	#FFFFFF
39910	#FFFFFF
39911	#FFFFFF
39912	#FFFFFF
39913	#FFFFFF
39914	#FFFFFF
39915	#FFFFFF
39916	#FFFFFF
39917	#FFFFFF
39918	#FFFFFF
39919	#FFFFFF
39920	#FFFFFF
39921	#FFFFFF
39922	#FFFFFF
39923	#FFFFFF
39924	#FFFFFF
39925	#FFFFFF
39926	#FFFFFF
39927	#FFFFFF
39928	#FFFFFF
39929	#FFFFFF
39930	#FFFFFF
39931	#FFFFFF
39932	#FFFFFF
39933	#FFFFFF
39934	#FFFFFF
39935	#FFFFFF
39936	#FFFFFF
39937	#FFFFFF
39938	#FFFFFF
39939	#FFFFFF
39940	#FFFFFF
39941	#FFFFFF
39942	#FFFFFF
39943	#FFFFFF
39944	#FFFFFF
39945	#FFFFFF
39946	#FFFFFF
39947	#FFFFFF
39948	#FFFFFF
39949	#FFFFFF
39950	#FFFFFF
39951	#FFFFFF
39952	#FFFFFF
39953	#FFFFFF
39954	#FFFFFF
39955	#FFFFFF
39956	#FFFFFF
39957	#FFFFFF
39958	#FFFFFF
39959	#FFFFFF
39960	#FFFFFF
39961	#FFFFFF
39962	#FFFFFF
39963	#FFFFFF
39964	#FFFFFF
39965	#FFFFFF
39966	#FFFFFF
39967	#FFFFFF
39968	#FFFFFF
39969	#FFFFFF
39970	#FFFFFF
39971	#FFFFFF
39972	#FFFFFF
39973	#FFFFFF
39974	#FFFFFF
39975	#FFFFFF
39976	#FFFFFF
39977	#FFFFFF
39978	#FFFFFF
39979	#FFFFFF
39980	#FFFFFF
39981	#FFFFFF
39982	#FFFFFF
39983	#FFFFFF
39984	#FFFFFF
39985	#FFFFFF
39986	#FFFFFF
39987	#FFFFFF
39988	#FFFFFF
39989	#FFFFFF
39990	#FFFFFF
39991	#FFFFFF
39992	#FFFFFF
39993	#FFFFFF
39994	#FFFFFF
39995	#FFFFFF
39996	#FFFFFF
39997	#FFFFFF
39998	#FFFFFF
39999	#FFFFFF
40000	#FFFFFF
